59.674709
57.122137
54.932888
53.157913
51.800025
50.832583
50.208029
49.873207
49.788027
49.940543
50.351598
51.066765
52.139477
53.612709
55.505407
57.805870
59.674709
59.674709
59.674709
59.674709
59.674709
59.674709
59.674709
59.674709
59.674709
59.674709
59.674709
59.674709
59.674709
59.674709
59.674709
59.674709
58.147553
55.794401
53.844952
52.315251
51.190269
50.429648
49.980357
49.794654
49.847605
50.146692
50.728894
51.646693
52.949433
54.667255
56.801598
59.322065
59.674709
59.674709
59.674709
59.674709
59.674709
59.674709
59.674709
59.674709
59.674709
59.674709
59.674709
59.674709
59.674709
59.674709
59.674709
59.234893
56.726135
54.604985
52.900804
51.611148
50.705062
50.132822
49.842160
49.796878
49.990570
50.449122
51.220742
52.358317
53.901543
55.864498
58.230100
59.674709
59.674709
59.674709
59.674709
59.674709
59.674709
59.674709
59.674709
59.674709
59.674709
59.674709
59.674709
59.674709
59.674709
59.674709
59.674709
57.725298
55.437535
53.558419
52.098617
51.038265
50.333798
49.931741
49.787086
49.879990
50.223453
50.858265
51.837693
53.208822
54.997436
57.199700
59.674709
59.674709
59.674709
59.674709
59.674709
59.674709
59.674709
59.674709
59.674709
59.674709
59.674709
59.674709
59.674709
59.674709
59.674709
59.674709
58.788158
56.341163
54.288945
52.655484
51.433160
50.586987
50.065537
49.817978
49.812406
50.048032
50.555486
51.385097
52.588686
54.202318
56.235047
58.664403
59.674709
59.674709
59.674709
59.674709
59.674709
59.674709
59.674709
59.674709
59.674709
59.674709
59.674709
59.674709
59.674709
59.674709
59.674709
59.674709
57.313464
55.092298
53.283812
51.893334
50.896347
50.246479
49.890342
49.786154
49.919391
50.308422
50.997395
52.039819
53.480084
55.339386
57.608559
59.674709
59.674709
59.674709
59.674709
59.674709
59.674709
59.674709
59.674709
59.674709
59.674709
59.674709
59.674709
59.674709
59.674709
59.674709
59.674709
58.351082
55.967427
53.984819
52.421852
51.265847
50.478093
50.005951
49.800562
49.834679
50.113133
50.670955
51.560064
52.830713
54.515016
56.616882
59.108459
59.674709
59.674709
59.674709
59.674709
59.674709
59.674709
59.674709
59.674709
59.674709
59.674709
59.674709
59.674709
59.674709
59.674709
59.674709
59.449733
56.912316
54.758801
53.021094
51.699228
50.764261
50.167437
49.856001
49.791857
49.965963
50.401850
51.146541
52.253248
53.763266
55.692999
58.027915
59.674709
59.674709
59.674709
59.674709
59.674709
59.674709
59.674709
59.674709
59.674709
59.674709
59.674709
59.674709
59.674709
59.674709
59.674709
59.674709
57.923992
55.605102
53.692630
52.199788
51.108980
50.378113
49.953855
49.789841
49.863787
50.186091
50.795796
51.745862
53.084502
54.839593
57.009808
59.561926
59.674709
59.674709
59.674709
59.674709
59.674709
59.674709
59.674709
59.674709
59.674709
59.674709
59.674709
59.674709
59.674709
59.674709
59.674709
58.998544
56.522093
54.437136
52.770201
51.516109
50.641746
50.096429
49.828581
49.804216
50.019880
50.503994
51.305951
52.478140
54.058386
56.058141
58.457486
59.674709
59.674709
59.674709
59.674709
59.674709
59.674709
59.674709
59.674709
59.674709
59.674709
59.674709
59.674709
59.674709
59.674709
59.674709
59.674709
57.507188
55.254341
53.412378
51.989150
50.962316
50.286786
49.909059
49.785769
49.899847
50.267143
50.930272
51.942695
53.350134
55.175981
57.413603
59.674709
59.674709
59.674709
59.674709
59.674709
59.674709
59.674709
59.674709
59.674709
59.674709
59.674709
59.674709
59.674709
59.674709
59.674709
59.674709
58.556851
56.143012
54.127363
52.531048
51.343768
50.528537
50.033224
49.807972
49.823285
50.081336
50.615118
51.475864
52.714631
54.365441
56.434653
58.896964
59.674709
59.674709
59.674709
59.674709
59.674709
59.674709
59.674709
59.674709
59.674709
59.674709
59.674709
59.674709
59.674709
59.674709
59.674709
59.666622
57.100948
54.915272
53.144036
51.789773
50.825607
50.203855
49.871394
49.788328
49.943003
50.356533
51.074643
52.150750
53.627666
55.524086
57.828021
59.674709
59.674709
59.674709
59.674709
59.674709
59.674709
59.674709
59.674709
59.674709
59.674709
59.674709
59.674709
59.674709
59.674709
59.674709
59.674709
58.124993
55.775262
53.829519
52.303522
51.181983
50.424368
49.977606
49.794088
49.849143
50.150545
50.735488
51.656507
52.962838
54.684399
56.822353
59.346018
59.674709
59.674709
59.674709
59.674709
59.674709
59.674709
59.674709
59.674709
59.674709
59.674709
59.674709
59.674709
59.674709
59.674709
59.674709
59.211060
56.705522
54.587994
52.887552
51.601476
50.698592
50.129071
49.840712
49.797530
49.993418
50.454516
51.229161
52.370195
53.917132
55.883786
58.252791
59.674709
59.674709
59.674709
59.674709
59.674709
59.674709
59.674709
59.674709
59.674709
59.674709
59.674709
59.674709
59.674709
59.674709
59.674709
59.674709
57.703282
55.419008
53.543616
52.087492
51.030518
50.328975
49.929375
49.786871
49.881894
50.227733
50.865368
51.848089
53.222853
55.015204
57.221030
59.674709
59.674709
59.674709
59.674709
59.674709
59.674709
59.674709
59.674709
59.674709
59.674709
59.674709
59.674709
59.674709
59.674709
59.674709
59.674709
58.764827
56.321140
54.272583
52.642852
51.424057
50.581008
50.062199
49.816889
49.813413
50.051278
50.561355
51.394071
52.601177
54.218537
56.254935
58.687617
59.674709
59.674709
59.674709
59.674709
59.674709
59.674709
59.674709
59.674709
59.674709
59.674709
59.674709
59.674709
59.674709
59.674709
59.674709
59.674709
57.292006
55.074388
53.269638
51.882803
50.889127
50.242099
49.888353
49.786290
49.921670
50.313143
51.005021
52.050808
53.494744
55.357774
57.630449
59.674709
59.674709
59.674709
59.674709
59.674709
59.674709
59.674709
59.674709
59.674709
59.674709
59.674709
59.674709
59.674709
59.674709
59.674709
59.674709
58.328271
55.948002
53.969086
52.409834
51.257302
50.472591
50.003013
49.799829
49.836044
50.116788
50.677313
51.569605
52.843823
54.531863
56.637361
59.132179
59.674709
59.674709
59.674709
59.674709
59.674709
59.674709
59.674709
59.674709
59.674709
59.674709
59.674709
59.674709
59.674709
59.674709
59.674709
59.425669
56.891429
54.741514
53.007546
51.689283
50.757553
50.163488
49.854380
49.792343
49.968626
50.407025
51.154702
52.264839
53.778555
55.711999
58.050352
59.674709
59.674709
59.674709
59.674709
59.674709
59.674709
59.674709
59.674709
59.674709
59.674709
59.674709
59.674709
59.674709
59.674709
59.674709
59.674709
57.901716
55.586284
53.677528
52.188378
51.100980
50.373075
49.951308
49.789460
49.865516
50.190168
50.802656
51.755981
53.098235
54.857066
57.030866
59.586133
59.674709
59.674709
59.674709
59.674709
59.674709
59.674709
59.674709
59.674709
59.674709
59.674709
59.674709
59.674709
59.674709
59.674709
59.674709
58.974973
56.501790
54.420475
52.757276
51.506738
50.635536
50.092897
49.827323
49.805055
50.022935
50.509637
51.314661
52.490340
54.074307
56.077745
58.480454
59.674709
59.674709
59.674709
59.674709
59.674709
59.674709
59.674709
59.674709
59.674709
59.674709
59.674709
59.674709
59.674709
59.674709
59.674709
59.674709
57.485464
55.236138
53.397906
51.978338
50.954849
50.282197
49.906893
49.785738
49.901948
50.271654
50.937648
51.953403
53.364495
55.194076
57.435229
59.674709
59.674709
59.674709
59.674709
59.674709
59.674709
59.674709
59.674709
59.674709
59.674709
59.674709
59.674709
59.674709
59.674709
59.674709
59.674709
58.533792
56.123303
54.111332
52.518740
51.334961
50.522811
50.030098
49.807071
49.824480
50.084796
50.621242
51.485136
52.727447
54.381991
56.454854
58.920447
59.674709
59.674709
59.674709
59.674709
59.674709
59.674709
59.674709
59.674709
59.674709
59.674709
59.674709
59.674709
59.674709
59.674709
59.674709
59.642331
57.079788
54.897689
53.130192
51.779552
50.818657
50.199703
49.869600
49.788648
49.945483
50.361491
51.082548
52.162055
53.642657
55.542796
57.850201
59.674709
59.674709
59.674709
59.674709
59.674709
59.674709
59.674709
59.674709
59.674709
59.674709
59.674709
59.674709
59.674709
59.674709
59.674709
59.674709
58.102462
55.756156
53.814119
52.291825
51.173727
50.419112
49.974875
49.793540
49.850699
50.154420
50.742108
51.666351
52.976276
54.701577
56.843138
59.369997
59.674709
59.674709
59.674709
59.674709
59.674709
59.674709
59.674709
59.674709
59.674709
59.674709
59.674709
59.674709
59.674709
59.674709
59.674709
59.187253
56.684941
54.571037
52.874333
51.591834
50.692147
50.125343
49.839283
49.798202
49.996286
50.459936
51.237610
52.382106
53.932753
55.903105
58.275510
59.674709
59.674709
59.674709
59.674709
59.674709
59.674709
59.674709
59.674709
59.674709
59.674709
59.674709
59.674709
59.674709
59.674709
59.674709
59.674709
57.681294
55.400513
53.528846
52.076398
51.022800
50.324176
49.927030
49.786674
49.883818
50.232037
50.872498
51.858517
53.236916
55.033005
57.242389
59.674709
59.674709
59.674709
59.674709
59.674709
59.674709
59.674709
59.674709
59.674709
59.674709
59.674709
59.674709
59.674709
59.674709
59.674709
59.674709
58.741523
56.301148
54.256253
52.630252
51.414984
50.575055
50.058882
49.815820
49.814439
50.054545
50.567249
51.403075
52.613701
54.234789
56.274854
58.710859
59.674709
59.674709
59.674709
59.674709
59.674709
59.674709
59.674709
59.674709
59.674709
59.674709
59.674709
59.674709
59.674709
59.674709
59.674709
59.674709
57.270577
55.056510
53.255497
51.872304
50.881933
50.237742
49.886383
49.786443
49.923970
50.317888
51.012674
52.061828
53.509436
55.376193
57.652369
59.674709
59.674709
59.674709
59.674709
59.674709
59.674709
59.674709
59.674709
59.674709
59.674709
59.674709
59.674709
59.674709
59.674709
59.674709
59.674709
58.305487
55.928608
53.953387
52.397849
51.248786
50.467114
50.000097
49.799115
49.837429
50.120465
50.683696
51.579177
52.856966
54.548744
56.657870
59.155926
59.674709
59.674709
59.674709
59.674709
59.674709
59.674709
59.674709
59.674709
59.674709
59.674709
59.674709
59.674709
59.674709
59.674709
59.674709
59.401631
56.870572
54.724260
52.994032
51.679368
50.750871
50.159560
49.852779
49.792847
49.971309
50.412224
51.162892
52.276462
53.793878
55.731031
58.072818
59.674709
59.674709
59.674709
59.674709
59.674709
59.674709
59.674709
59.674709
59.674709
59.674709
76.968471
75.201501
72.933762
70.203975
67.044825
63.506543
59.671371
76.968471
75.201501
72.933762
70.203975
76.968471
75.201501
72.933762
70.203975
67.044825
63.506543
59.671371
55.668289
51.681963
47.947333
44.723558
42.250720
40.704972
40.171217
40.642104
42.037335
43.559406
44.038925
45.118079
46.767643
48.938960
51.561765
54.543723
57.772561
61.120712
64.451616
67.626460
70.510520
72.978913
74.922078
76.251344
76.904462
76.002356
73.934658
71.393648
68.408288
65.019894
61.295523
57.343119
86.065793
83.525050
80.385038
76.646766
72.278252
67.253088
61.584302
55.376350
48.887959
42.570769
37.023548
32.835507
30.397749
29.814333
30.950762
33.545145
36.167776
36.835346
38.348366
40.687122
43.806974
47.626651
52.021723
56.826878
61.846582
66.869815
71.683559
76.081907
79.871365
82.875739
84.944427
85.965539
84.659809
81.762236
78.276186
74.173924
69.423529
64.016389
58.011503
51.596141
45.141017
39.196844
34.380986
31.185922
29.836215
30.284395
32.307958
35.616814
36.454434
37.617205
39.616220
42.418736
45.959924
50.133573
54.790498
59.746052
64.793837
69.720283
74.315715
78.380956
81.731875
84.205894
85.673191
85.694328
83.037886
79.799071
75.957221
71.479580
66.343541
60.573373
54.295108
47.798712
41.566907
36.210302
32.296742
30.171210
29.891295
31.293044
34.103507
36.220529
37.030942
38.684707
41.158790
44.403136
48.329459
52.806039
57.661556
62.696814
67.699614
72.457626
76.766723
80.435928
83.292634
85.191719
86.029302
84.213106
81.217790
77.630430
73.421204
68.559797
63.045347
56.953889
50.500459
44.088858
38.292126
33.720534
30.828191
29.790359
30.522020
32.782569
36.133949
36.590750
37.895428
40.032561
42.964859
46.621023
50.887472
55.608306
60.594170
65.636494
70.521721
75.041580
78.999103
82.213220
84.525939
85.814363
85.288215
82.534318
79.196084
75.249681
70.662192
65.415835
59.674709
57.122137
54.932888
53.157913
51.800025
50.832583
50.208029
49.873207
49.788027
49.940543
50.351598
51.066765
52.139477
53.612709
55.505407
57.805870
59.674709
59.674709
59.674709
59.674709
59.674709
59.674709
59.674709
59.674709
59.674709
59.674709
59.674709
59.674709
59.674709
59.674709
59.674709
59.674709
58.147553
55.794401
53.844952
52.315251
51.190269
50.429648
49.980357
49.794654
49.847605
50.146692
50.728894
51.646693
52.949433
54.667255
56.801598
59.322065
59.674709
59.674709
59.674709
59.674709
59.674709
59.674709
59.674709
59.674709
59.674709
59.674709
59.674709
59.674709
59.674709
59.674709
59.674709
59.234893
56.726135
54.604985
52.900804
51.611148
50.705062
50.132822
49.842160
49.796878
49.990570
50.449122
51.220742
52.358317
53.901543
55.864498
58.230100
59.674709
59.674709
59.674709
59.674709
59.674709
59.674709
59.674709
59.674709
59.674709
59.674709
59.674709
59.674709
59.674709
59.674709
59.674709
59.674709
57.725298
55.437535
53.558419
52.098617
51.038265
50.333798
49.931741
49.787086
49.879990
50.223453
50.858265
51.837693
53.208822
54.997436
57.199700
59.674709
59.674709
59.674709
59.674709
59.674709
59.674709
59.674709
59.674709
59.674709
59.674709
59.674709
59.674709
59.674709
59.674709
59.674709
59.674709
58.788158
56.341163
54.288945
52.655484
51.433160
50.586987
50.065537
49.817978
49.812406
50.048032
50.555486
51.385097
52.588686
54.202318
56.235047
58.664403
59.674709
59.674709
59.674709
59.674709
59.674709
59.674709
59.674709
59.674709
59.674709
59.674709
59.674709
59.674709
59.674709
59.674709
59.674709
59.674709
57.313464
55.092298
53.283812
51.893334
50.896347
50.246479
49.890342
49.786154
49.919391
50.308422
50.997395
52.039819
53.480084
55.339386
57.608559
86.047716
85.518708
83.891508
81.274657
77.803876
