59.652922
59.674709
59.674709
59.674709
59.674709
59.674709
59.674709
59.674709
59.674709
59.674709
59.674709
59.674709
59.674709
59.674709
59.674709
59.674709
58.910203
56.446040
54.374770
52.721854
51.481089
50.618568
50.083284
49.823957
49.807462
50.031459
50.525305
51.338798
52.524103
54.118319
56.131894
58.543845
59.674709
59.674709
59.674709
59.674709
59.674709
59.674709
59.674709
59.674709
59.674709
59.674709
59.674709
59.674709
59.674709
59.674709
59.674709
59.674709
57.425794
55.186181
53.358228
51.948729
50.934428
50.269683
49.901029
49.785749
49.907835
50.284196
50.958102
51.983049
53.404213
55.244073
57.494934
59.674709
59.674709
59.674709
59.674709
59.674709
59.674709
59.674709
59.674709
59.674709
59.674709
59.674709
59.674709
59.674709
59.674709
59.674709
59.674709
58.470434
56.069192
54.067360
52.485015
51.310859
50.507173
50.021600
49.804687
49.827869
50.094435
50.638241
51.510821
52.762909
54.427737
56.510641
58.985249
59.674709
59.674709
59.674709
59.674709
59.674709
59.674709
59.674709
59.674709
59.674709
59.674709
59.674709
59.674709
59.674709
59.674709
59.674709
59.575573
57.021679
54.849442
53.092242
51.751564
50.799661
50.188387
49.864760
49.789624
49.952416
50.375269
51.104465
52.193350
53.684110
55.594487
57.911427
59.674709
59.674709
59.674709
59.674709
59.674709
59.674709
59.674709
59.674709
59.674709
59.674709
59.674709
59.674709
59.674709
59.674709
59.674709
59.674709
58.040564
55.703709
53.771883
52.259780
51.151140
50.404765
49.967462
49.792128
49.855085
50.165207
50.760475
51.693616
53.013450
54.749049
56.900534
59.436160
59.674709
59.674709
59.674709
59.674709
59.674709
59.674709
59.674709
59.674709
59.674709
59.674709
59.674709
59.674709
59.674709
59.674709
59.674709
59.121832
56.628426
54.524512
52.838101
51.565440
50.674537
50.115191
49.835446
49.800147
50.004292
50.474987
51.261025
52.415071
53.975943
55.956469
58.338216
59.674709
59.674709
59.674709
59.674709
59.674709
59.674709
59.674709
59.674709
59.674709
59.674709
59.674709
59.674709
59.674709
59.674709
59.674709
59.674709
57.620899
55.349751
53.488347
52.046011
51.001692
50.311081
49.920674
49.786228
49.889218
50.244007
50.892272
51.887392
53.275815
55.082194
57.301360
59.674709
59.674709
59.674709
59.674709
59.674709
59.674709
59.674709
59.674709
59.674709
59.674709
59.674709
59.674709
59.674709
59.674709
59.674709
59.674709
58.677490
56.246257
54.211460
52.595726
51.390154
50.558792
50.049860
49.812972
49.817362
50.063652
50.583613
51.428023
52.648356
54.279714
56.329869
58.774998
59.674709
59.674709
59.674709
59.674709
59.674709
59.674709
59.674709
59.674709
59.674709
59.674709
59.674709
59.674709
59.674709
59.674709
59.674709
59.674709
57.211724
55.007451
53.216730
51.843552
50.862267
50.225864
49.881061
49.786962
49.930404
50.331076
51.033893
52.092340
53.550067
55.427084
57.712880
59.674709
59.674709
59.674709
59.674709
59.674709
59.674709
59.674709
59.674709
59.674709
59.674709
59.674709
59.674709
59.674709
59.674709
59.674709
59.674709
58.242892
55.875370
53.910329
52.365011
51.225486
50.452161
49.992173
49.797243
49.841341
50.130704
50.701410
51.605690
52.893328
54.595400
56.714508
59.221451
59.674709
59.674709
59.674709
59.674709
59.674709
59.674709
59.674709
59.674709
59.674709
59.674709
59.674709
59.674709
59.674709
59.674709
59.674709
59.335569
56.813298
54.676918
52.956988
51.652223
50.732609
50.148862
49.848470
49.794332
49.978803
50.426667
51.185593
52.308633
53.836246
55.783605
58.134828
59.674709
59.674709
59.674709
59.674709
59.674709
59.674709
59.674709
59.674709
59.674709
59.674709
59.674709
59.674709
59.674709
59.674709
59.674709
59.674709
57.818357
55.515936
53.621139
52.145830
51.071204
50.354378
49.941928
49.788195
49.872182
50.205672
50.828646
51.794240
53.150084
54.922950
57.110185
59.674709
59.674709
59.674709
59.674709
59.674709
59.674709
59.674709
59.674709
59.674709
59.674709
59.674709
59.674709
59.674709
59.674709
59.674709
59.674709
58.886732
56.425854
54.358234
52.709052
51.471831
50.612455
50.079834
49.822770
49.808371
50.034594
50.531042
51.347619
52.536425
54.134364
56.151618
58.566917
59.674709
59.674709
59.674709
59.674709
59.674709
59.674709
59.674709
59.674709
59.674709
59.674709
59.674709
59.674709
59.674709
59.674709
59.674709
59.674709
57.404181
55.168100
53.343881
51.938036
50.927064
50.265183
49.898937
49.785788
49.910010
50.288794
50.965582
51.993874
53.418699
55.262290
57.516671
59.674709
59.674709
59.674709
59.674709
59.674709
59.674709
59.674709
59.674709
59.674709
59.674709
59.674709
59.674709
59.674709
59.674709
59.674709
59.674709
58.447478
56.049601
54.051454
52.472829
51.302162
50.501541
50.018554
49.803856
49.829136
50.097976
50.644462
51.520205
52.775848
54.444412
56.530958
59.008832
59.674709
59.674709
59.674709
59.674709
59.674709
59.674709
59.674709
59.674709
59.674709
59.674709
59.674709
59.674709
59.674709
59.674709
59.674709
59.551377
57.000633
54.831983
53.078522
51.741459
50.792813
50.184321
49.863038
49.790013
49.954972
50.380318
51.112477
52.204774
53.699226
55.613319
57.933715
59.674709
59.674709
59.674709
59.674709
59.674709
59.674709
59.674709
59.674709
59.674709
59.674709
59.674709
59.674709
59.674709
59.674709
59.674709
59.674709
58.018139
55.684723
53.756608
52.248203
51.142991
50.399600
49.964808
49.791650
49.856713
50.169167
50.767195
51.703575
53.027012
54.766351
56.921434
59.460235
59.674709
59.674709
59.674709
59.674709
59.674709
59.674709
59.674709
59.674709
59.674709
59.674709
59.674709
59.674709
59.674709
59.674709
59.674709
59.098123
56.607960
54.507679
52.825006
51.555913
50.668191
50.111545
49.834089
49.800888
50.007238
50.480500
51.269583
52.427103
53.991690
55.975908
58.361039
59.674709
59.674709
59.674709
59.674709
59.674709
59.674709
59.674709
59.674709
59.674709
59.674709
59.674709
59.674709
59.674709
59.674709
59.674709
59.674709
57.599021
55.331378
53.473702
52.035036
50.994079
50.306371
49.918404
49.786101
49.891216
50.248397
50.899505
51.897936
53.290004
55.100119
57.322831
59.674709
59.674709
59.674709
59.674709
59.674709
59.674709
59.674709
59.674709
59.674709
59.674709
59.674709
59.674709
59.674709
59.674709
59.674709
59.674709
58.654288
56.226383
54.195255
52.583249
51.381193
50.552934
50.046624
49.811973
49.818458
50.066999
50.589603
51.437139
52.661003
54.296091
56.349906
58.798341
59.674709
59.674709
59.674709
59.674709
59.674709
59.674709
59.674709
59.674709
59.674709
59.674709
59.674709
59.674709
59.674709
59.674709
59.674709
59.674709
57.190408
54.989697
53.202713
51.833169
50.855176
50.221593
49.879165
49.787185
49.932779
50.335909
51.041652
52.103479
53.564885
55.445626
57.734909
59.674709
59.674709
59.674709
59.674709
59.674709
59.674709
59.674709
59.674709
59.674709
59.674709
59.674709
59.674709
59.674709
59.674709
59.674709
59.674709
58.220214
55.856097
53.894756
52.353146
51.217079
50.446777
49.989335
49.796599
49.842797
50.134464
50.707892
51.615375
52.906594
54.612405
56.735133
59.245295
59.674709
59.674709
59.674709
59.674709
59.674709
59.674709
59.674709
59.674709
59.674709
59.674709
59.674709
59.674709
59.674709
59.674709
59.674709
59.311627
56.792556
54.659788
52.943597
51.642423
50.726027
50.145018
49.846941
49.794907
49.981563
50.431959
51.193891
52.320376
53.851694
55.802757
58.157400
59.674709
59.674709
59.674709
59.674709
59.674709
59.674709
59.674709
59.674709
59.674709
59.674709
59.674709
59.674709
59.674709
59.674709
59.674709
59.674709
57.796219
55.497272
53.606196
52.134571
51.063339
50.349454
49.939477
49.787902
49.874004
50.209857
50.835634
51.804506
53.163975
54.940580
57.131387
59.674709
59.674709
59.674709
59.674709
59.674709
59.674709
59.674709
59.674709
59.674709
59.674709
59.674709
59.674709
59.674709
59.674709
59.674709
59.674709
58.863287
56.405698
54.341732
52.696282
51.462602
50.606368
50.076405
49.821602
49.809299
50.037750
50.536804
51.356468
52.548780
54.150443
56.171373
58.590016
59.674709
59.674709
59.674709
59.674709
59.674709
59.674709
59.674709
59.674709
59.674709
59.674709
59.674709
59.674709
59.674709
59.674709
59.674709
59.674709
57.382597
55.150052
53.329567
51.927373
50.919728
50.260705
49.896865
49.785845
49.912205
50.293416
50.973090
52.004731
53.433219
55.280540
57.538438
59.674709
59.674709
59.674709
59.674709
59.674709
59.674709
59.674709
59.674709
59.674709
59.674709
59.674709
59.674709
59.674709
59.674709
59.674709
59.674709
58.424549
56.030042
54.035581
52.460675
51.293494
50.495934
50.015528
49.803044
49.830421
50.101539
50.650710
51.529619
52.788820
54.461120
56.551306
59.032441
59.674709
59.674709
59.674709
59.674709
59.674709
59.674709
59.674709
59.674709
59.674709
59.674709
59.674709
59.674709
59.674709
59.674709
59.674709
59.527206
56.979618
54.814557
53.064836
51.731384
50.785992
50.180276
49.861337
49.790421
49.957548
50.385390
51.120518
52.216231
53.714376
55.632183
57.956032
59.674709
59.674709
59.674709
59.674709
59.674709
59.674709
59.674709
59.674709
59.674709
59.674709
59.674709
59.674709
59.674709
59.674709
59.674709
59.674709
57.995743
55.665769
53.741367
52.236658
51.134871
50.394460
49.962175
49.791191
49.858361
50.173148
50.773942
51.713564
53.040607
54.783685
56.942365
59.484335
59.674709
59.674709
59.674709
59.674709
59.674709
59.674709
59.674709
59.674709
59.674709
59.674709
59.674709
59.674709
59.674709
59.674709
59.674709
59.074441
56.587526
54.490879
52.811943
51.546415
50.661871
50.107922
49.832751
49.801648
50.010206
50.486037
51.278170
52.439167
54.007470
55.995379
58.383891
59.674709
59.674709
59.674709
59.674709
59.674709
59.674709
59.674709
59.674709
59.674709
59.674709
59.674709
59.674709
59.674709
59.674709
59.674709
59.674709
57.577173
55.313037
53.459090
52.024092
50.986494
50.301683
49.916153
49.785993
49.893233
50.252810
50.906764
51.908512
53.304225
55.118076
57.344332
59.674709
59.674709
59.674709
59.674709
59.674709
59.674709
59.674709
59.674709
59.674709
59.674709
59.674709
59.674709
59.674709
59.674709
59.674709
59.674709
58.631113
56.206541
54.179084
52.570804
51.372261
50.547101
50.043408
49.810993
49.819574
50.070368
56.944127
57.415678
58.750829
60.950609
63.964395
67.714299
72.094119
56.944127
57.415678
58.750829
60.950609
56.944127
57.415678
58.750829
60.950609
63.964395
67.714299
72.094119
76.972694
82.200591
87.617052
86.923329
81.647552
76.737177
72.444405
69.092701
67.065013
68.263692
73.530773
78.477941
83.419693
88.509301
86.152744
80.600794
74.879186
69.159817
63.732031
58.979110
55.304621
53.032295
52.333023
53.215526
55.570201
57.122147
58.088435
59.933303
62.616352
66.071388
70.203837
74.892242
36.101711
36.552542
37.819907
39.920781
42.819105
46.445309
50.687754
55.392285
60.370743
65.415094
70.311743
74.852037
78.838413
82.088979
84.444501
85.780219
85.396704
82.668454
79.356452
75.437663
70.879150
65.661756
59.819035
53.494101
47.000578
40.842988
35.637435
31.932528
30.038041
29.978641
31.570823
34.535093
36.274805
37.190338
38.947410
41.520322
44.854817
48.857340
53.390866
58.279869
63.322730
68.306620
73.019867
77.259739
80.837200
83.582450
85.354658
86.056117
83.873516
80.805969
77.143403
72.854772
67.911474
62.319210
56.167723
49.693513
43.324515
37.647789
33.264651
30.598560
29.788862
30.724905
33.154668
36.144322
36.706542
38.115518
40.353768
43.380423
47.119258
51.451258
56.215740
61.220144
66.254566
71.105644
75.566249
79.441116
82.551554
84.743169
85.898448
84.978464
82.152761
78.740828
74.716761
70.047949
64.720874
58.783113
52.402551
45.925535
39.884204
34.897453
31.483321
29.902740
30.137828
31.981429
35.147167
36.369370
37.427363
39.324033
42.029758
45.484301
49.586854
54.193322
59.122784
64.170713
69.123728
73.771237
77.912508
81.361272
83.951775
85.549371
85.982975
83.398414
80.232451
76.467010
72.069850
67.015466
61.319701
55.092507
48.600724
42.304310
36.805621
32.688787
30.332993
29.829892
31.036907
33.688984
36.179326
36.884509
38.434629
40.809129
43.961978
47.810076
59.652922
59.674709
59.674709
59.674709
59.674709
59.674709
59.674709
59.674709
59.674709
59.674709
59.674709
59.674709
59.674709
59.674709
59.674709
59.674709
58.910203
56.446040
54.374770
52.721854
51.481089
50.618568
50.083284
49.823957
49.807462
50.031459
50.525305
51.338798
52.524103
54.118319
56.131894
58.543845
59.674709
59.674709
59.674709
59.674709
59.674709
59.674709
59.674709
59.674709
59.674709
59.674709
59.674709
59.674709
59.674709
59.674709
59.674709
59.674709
57.425794
55.186181
53.358228
51.948729
50.934428
50.269683
49.901029
49.785749
49.907835
50.284196
50.958102
51.983049
53.404213
55.244073
57.494934
59.674709
59.674709
59.674709
59.674709
59.674709
59.674709
59.674709
59.674709
59.674709
59.674709
59.674709
59.674709
59.674709
59.674709
59.674709
59.674709
58.470434
56.069192
54.067360
52.485015
51.310859
50.507173
50.021600
49.804687
49.827869
50.094435
50.638241
51.510821
52.762909
54.427737
56.510641
58.985249
59.674709
59.674709
59.674709
59.674709
59.674709
59.674709
59.674709
59.674709
59.674709
59.674709
59.674709
59.674709
59.674709
59.674709
59.674709
59.575573
57.021679
54.849442
53.092242
51.751564
50.799661
50.188387
49.864760
49.789624
49.952416
50.375269
51.104465
52.193350
53.684110
55.594487
57.911427
59.674709
59.674709
59.674709
59.674709
59.674709
59.674709
59.674709
59.674709
59.674709
59.674709
59.674709
59.674709
59.674709
59.674709
59.674709
59.674709
58.040564
55.703709
53.771883
52.259780
51.151140
50.404765
49.967462
49.792128
49.855085
50.165207
50.760475
51.693616
53.013450
54.749049
56.900534
59.436160
59.674709
59.674709
59.674709
59.674709
59.674709
59.674709
59.674709
59.674709
59.674709
59.674709
59.674709
59.674709
59.674709
59.674709
36.133415
32.700119
30.478911
29.794532
30.884751
