59.652922
59.674709
59.674709
59.674709
59.674709
59.674709
59.674709
59.674709
59.674709
59.674709
59.674709
59.674709
59.674709
59.674709
59.674709
59.674709
58.910203
56.446040
54.374770
52.721854
51.481089
50.618568
50.083284
49.823957
49.807462
50.031459
50.525305
51.338798
52.524103
54.118319
56.131894
58.543845
59.674709
59.674709
59.674709
59.674709
59.674709
59.674709
59.674709
59.674709
59.674709
59.674709
59.674709
59.674709
59.674709
59.674709
59.674709
59.674709
57.425794
55.186181
53.358228
51.948729
50.934428
50.269683
49.901029
49.785749
49.907835
50.284196
50.958102
51.983049
53.404213
55.244073
57.494934
59.674709
59.674709
59.674709
59.674709
59.674709
59.674709
59.674709
59.674709
59.674709
59.674709
59.674709
59.674709
59.674709
59.674709
59.674709
59.674709
58.470434
56.069192
54.067360
52.485015
51.310859
50.507173
50.021600
49.804687
49.827869
50.094435
50.638241
51.510821
52.762909
54.427737
56.510641
58.985249
59.674709
59.674709
59.674709
59.674709
59.674709
59.674709
59.674709
59.674709
59.674709
59.674709
59.674709
59.674709
59.674709
59.674709
59.674709
59.575573
57.021679
54.849442
53.092242
51.751564
50.799661
50.188387
49.864760
49.789624
49.952416
50.375269
51.104465
52.193350
53.684110
55.594487
57.911427
59.674709
59.674709
59.674709
59.674709
59.674709
59.674709
59.674709
59.674709
59.674709
59.674709
59.674709
59.674709
59.674709
59.674709
59.674709
59.674709
58.040564
55.703709
53.771883
52.259780
51.151140
50.404765
49.967462
49.792128
49.855085
50.165207
50.760475
51.693616
53.013450
54.749049
56.900534
59.436160
59.674709
59.674709
59.674709
59.674709
59.674709
59.674709
59.674709
59.674709
59.674709
59.674709
59.674709
59.674709
59.674709
59.674709
59.674709
59.121832
56.628426
54.524512
52.838101
51.565440
50.674537
50.115191
49.835446
49.800147
50.004292
50.474987
51.261025
52.415071
53.975943
55.956469
58.338216
59.674709
59.674709
59.674709
59.674709
59.674709
59.674709
59.674709
59.674709
59.674709
59.674709
59.674709
59.674709
59.674709
59.674709
59.674709
59.674709
57.620899
55.349751
53.488347
52.046011
51.001692
50.311081
49.920674
49.786228
49.889218
50.244007
50.892272
51.887392
53.275815
55.082194
57.301360
59.674709
59.674709
59.674709
59.674709
59.674709
59.674709
59.674709
59.674709
59.674709
59.674709
59.674709
59.674709
59.674709
59.674709
59.674709
59.674709
58.677490
56.246257
54.211460
52.595726
51.390154
50.558792
50.049860
49.812972
49.817362
50.063652
50.583613
51.428023
52.648356
54.279714
56.329869
58.774998
59.674709
59.674709
59.674709
59.674709
59.674709
59.674709
59.674709
59.674709
59.674709
59.674709
59.674709
59.674709
59.674709
59.674709
59.674709
59.674709
57.211724
55.007451
53.216730
51.843552
50.862267
50.225864
49.881061
49.786962
49.930404
50.331076
51.033893
52.092340
53.550067
55.427084
57.712880
59.674709
59.674709
59.674709
59.674709
59.674709
59.674709
59.674709
59.674709
59.674709
59.674709
59.674709
59.674709
59.674709
59.674709
59.674709
59.674709
58.242892
55.875370
53.910329
52.365011
51.225486
50.452161
49.992173
49.797243
49.841341
50.130704
50.701410
51.605690
52.893328
54.595400
56.714508
59.221451
59.674709
59.674709
59.674709
59.674709
59.674709
59.674709
59.674709
59.674709
59.674709
59.674709
59.674709
59.674709
59.674709
59.674709
59.674709
59.335569
56.813298
54.676918
52.956988
51.652223
50.732609
50.148862
49.848470
49.794332
49.978803
50.426667
51.185593
52.308633
53.836246
55.783605
58.134828
59.674709
59.674709
59.674709
59.674709
59.674709
59.674709
59.674709
59.674709
59.674709
59.674709
59.674709
59.674709
59.674709
59.674709
59.674709
59.674709
57.818357
55.515936
53.621139
52.145830
51.071204
50.354378
49.941928
49.788195
49.872182
50.205672
50.828646
51.794240
53.150084
54.922950
57.110185
59.674709
59.674709
59.674709
59.674709
59.674709
59.674709
59.674709
59.674709
59.674709
59.674709
59.674709
59.674709
59.674709
59.674709
59.674709
59.674709
58.886732
56.425854
54.358234
52.709052
51.471831
50.612455
50.079834
49.822770
49.808371
50.034594
50.531042
51.347619
52.536425
54.134364
56.151618
58.566917
59.674709
59.674709
59.674709
59.674709
59.674709
59.674709
59.674709
59.674709
59.674709
59.674709
59.674709
59.674709
59.674709
59.674709
59.674709
59.674709
57.404181
55.168100
53.343881
51.938036
50.927064
50.265183
49.898937
49.785788
49.910010
50.288794
50.965582
51.993874
53.418699
55.262290
57.516671
59.674709
59.674709
59.674709
59.674709
59.674709
59.674709
59.674709
59.674709
59.674709
59.674709
59.674709
59.674709
59.674709
59.674709
59.674709
59.674709
58.447478
56.049601
54.051454
52.472829
51.302162
50.501541
50.018554
49.803856
49.829136
50.097976
50.644462
51.520205
52.775848
54.444412
56.530958
59.008832
59.674709
59.674709
59.674709
59.674709
59.674709
59.674709
59.674709
59.674709
59.674709
59.674709
59.674709
59.674709
59.674709
59.674709
59.674709
59.551377
57.000633
54.831983
53.078522
51.741459
50.792813
50.184321
49.863038
49.790013
49.954972
50.380318
51.112477
52.204774
53.699226
55.613319
57.933715
59.674709
59.674709
59.674709
59.674709
59.674709
59.674709
59.674709
59.674709
59.674709
59.674709
59.674709
59.674709
59.674709
59.674709
59.674709
59.674709
58.018139
55.684723
53.756608
52.248203
51.142991
50.399600
49.964808
49.791650
49.856713
50.169167
50.767195
51.703575
53.027012
54.766351
56.921434
59.460235
59.674709
59.674709
59.674709
59.674709
59.674709
59.674709
59.674709
59.674709
59.674709
59.674709
59.674709
59.674709
59.674709
59.674709
59.674709
59.098123
56.607960
54.507679
52.825006
51.555913
50.668191
50.111545
49.834089
49.800888
50.007238
50.480500
51.269583
52.427103
53.991690
55.975908
58.361039
59.674709
59.674709
59.674709
59.674709
59.674709
59.674709
59.674709
59.674709
59.674709
59.674709
59.674709
59.674709
59.674709
59.674709
59.674709
59.674709
57.599021
55.331378
53.473702
52.035036
50.994079
50.306371
49.918404
49.786101
49.891216
50.248397
50.899505
51.897936
53.290004
55.100119
57.322831
59.674709
59.674709
59.674709
59.674709
59.674709
59.674709
59.674709
59.674709
59.674709
59.674709
59.674709
59.674709
59.674709
59.674709
59.674709
59.674709
58.654288
56.226383
54.195255
52.583249
51.381193
50.552934
50.046624
49.811973
49.818458
50.066999
50.589603
51.437139
52.661003
54.296091
56.349906
58.798341
59.674709
59.674709
59.674709
59.674709
59.674709
59.674709
59.674709
59.674709
59.674709
59.674709
59.674709
59.674709
59.674709
59.674709
59.674709
59.674709
57.190408
54.989697
53.202713
51.833169
50.855176
50.221593
49.879165
49.787185
49.932779
50.335909
51.041652
52.103479
53.564885
55.445626
57.734909
59.674709
59.674709
59.674709
59.674709
59.674709
59.674709
59.674709
59.674709
59.674709
59.674709
59.674709
59.674709
59.674709
59.674709
59.674709
59.674709
58.220214
55.856097
53.894756
52.353146
51.217079
50.446777
49.989335
49.796599
49.842797
50.134464
50.707892
51.615375
52.906594
54.612405
56.735133
59.245295
59.674709
59.674709
59.674709
59.674709
59.674709
59.674709
59.674709
59.674709
59.674709
59.674709
59.674709
59.674709
59.674709
59.674709
59.674709
59.311627
56.792556
54.659788
52.943597
51.642423
50.726027
50.145018
49.846941
49.794907
49.981563
50.431959
51.193891
52.320376
53.851694
55.802757
58.157400
59.674709
59.674709
59.674709
59.674709
59.674709
59.674709
59.674709
59.674709
59.674709
59.674709
59.674709
59.674709
59.674709
59.674709
59.674709
59.674709
57.796219
55.497272
53.606196
52.134571
51.063339
50.349454
49.939477
49.787902
49.874004
50.209857
50.835634
51.804506
53.163975
54.940580
57.131387
59.674709
59.674709
59.674709
59.674709
59.674709
59.674709
59.674709
59.674709
59.674709
59.674709
59.674709
59.674709
59.674709
59.674709
59.674709
59.674709
58.863287
56.405698
54.341732
52.696282
51.462602
50.606368
50.076405
49.821602
49.809299
50.037750
50.536804
51.356468
52.548780
54.150443
56.171373
58.590016
59.674709
59.674709
59.674709
59.674709
59.674709
59.674709
59.674709
59.674709
59.674709
59.674709
59.674709
59.674709
59.674709
59.674709
59.674709
59.674709
57.382597
55.150052
53.329567
51.927373
50.919728
50.260705
49.896865
49.785845
49.912205
50.293416
50.973090
52.004731
53.433219
55.280540
57.538438
59.674709
59.674709
59.674709
59.674709
59.674709
59.674709
59.674709
59.674709
59.674709
59.674709
59.674709
59.674709
59.674709
59.674709
59.674709
59.674709
58.424549
56.030042
54.035581
52.460675
51.293494
50.495934
50.015528
49.803044
49.830421
50.101539
50.650710
51.529619
52.788820
54.461120
56.551306
59.032441
59.674709
59.674709
59.674709
59.674709
59.674709
59.674709
59.674709
59.674709
59.674709
59.674709
59.674709
59.674709
59.674709
59.674709
59.674709
59.527206
56.979618
54.814557
53.064836
51.731384
50.785992
50.180276
49.861337
49.790421
49.957548
50.385390
51.120518
52.216231
53.714376
55.632183
57.956032
59.674709
59.674709
59.674709
59.674709
59.674709
59.674709
59.674709
59.674709
59.674709
59.674709
59.674709
59.674709
59.674709
59.674709
59.674709
59.674709
57.995743
55.665769
53.741367
52.236658
51.134871
50.394460
49.962175
49.791191
49.858361
50.173148
50.773942
51.713564
53.040607
54.783685
56.942365
59.484335
59.674709
59.674709
59.674709
59.674709
59.674709
59.674709
59.674709
59.674709
59.674709
59.674709
59.674709
59.674709
59.674709
59.674709
59.674709
59.074441
56.587526
54.490879
52.811943
51.546415
50.661871
50.107922
49.832751
49.801648
50.010206
50.486037
51.278170
52.439167
54.007470
55.995379
58.383891
59.674709
59.674709
59.674709
59.674709
59.674709
59.674709
59.674709
59.674709
59.674709
59.674709
59.674709
59.674709
59.674709
59.674709
59.674709
59.674709
57.577173
55.313037
53.459090
52.024092
50.986494
50.301683
49.916153
49.785993
49.893233
50.252810
50.906764
51.908512
53.304225
55.118076
57.344332
59.674709
59.674709
59.674709
59.674709
59.674709
59.674709
59.674709
59.674709
59.674709
59.674709
59.674709
59.674709
59.674709
59.674709
59.674709
59.674709
58.631113
56.206541
54.179084
52.570804
51.372261
50.547101
50.043408
49.810993
49.819574
50.070368
72.832726
72.366345
70.904450
68.555800
65.450612
61.755353
57.662329
72.832726
72.366345
70.904450
68.555800
72.832726
72.366345
70.904450
68.555800
65.450612
61.755353
57.662329
53.378981
49.115253
45.068182
41.405450
38.252093
35.684920
33.736751
32.408945
31.687925
30.170480
25.895910
22.647163
20.694168
20.298791
21.648604
24.761310
29.407145
35.123829
41.346522
47.572648
53.458880
58.825640
63.610769
67.816596
71.469716
72.691616
71.626160
69.632965
66.824058
63.352115
59.399945
55.170080
86.047716
85.518708
83.891508
81.274657
77.803876
73.645620
68.986636
64.028000
58.980500
54.057449
49.462915
45.376935
41.942424
39.258965
37.385761
36.351752
35.041967
31.909590
30.107775
29.921891
31.555342
35.019025
40.043722
46.105899
52.586744
58.958591
64.880641
70.189309
74.839499
78.845759
82.240804
85.050082
85.880716
84.694896
82.475424
79.341064
75.447052
70.972631
66.113462
61.076943
56.076494
51.321732
47.004506
43.284418
40.279241
38.064062
36.678915
36.140796
33.067936
30.676464
29.786811
30.648529
33.366562
37.793399
43.498411
49.877955
56.347982
62.486043
68.060620
72.985190
77.255620
80.900944
83.951955
86.051496
85.318849
83.517489
80.746557
77.147884
72.891925
68.168166
63.179664
58.138252
53.256633
48.735893
44.750611
41.436608
38.886226
37.152746
36.261241
34.434924
31.505423
29.956404
30.065978
32.013341
35.766407
41.007278
47.182692
53.677551
59.992221
65.818527
71.017351
75.557338
79.458486
82.753720
85.465553
85.757230
84.391316
82.008523
78.734790
74.730131
70.176960
65.273213
60.227787
55.254284
50.560385
46.333465
42.726554
39.850048
37.772422
36.528957
35.989509
32.573319
30.414044
29.803922
30.976121
33.999830
38.678552
44.541126
50.973504
57.411846
63.466614
68.934955
73.748410
77.911344
81.454864
84.407951
86.005638
85.088640
83.115960
80.194991
76.473267
72.124973
59.652922
59.674709
59.674709
59.674709
59.674709
59.674709
59.674709
59.674709
59.674709
59.674709
59.674709
59.674709
59.674709
59.674709
59.674709
59.674709
58.910203
56.446040
54.374770
52.721854
51.481089
50.618568
50.083284
49.823957
49.807462
50.031459
50.525305
51.338798
52.524103
54.118319
56.131894
58.543845
59.674709
59.674709
59.674709
59.674709
59.674709
59.674709
59.674709
59.674709
59.674709
59.674709
59.674709
59.674709
59.674709
59.674709
59.674709
59.674709
57.425794
55.186181
53.358228
51.948729
50.934428
50.269683
49.901029
49.785749
49.907835
50.284196
50.958102
51.983049
53.404213
55.244073
57.494934
59.674709
59.674709
59.674709
59.674709
59.674709
59.674709
59.674709
59.674709
59.674709
59.674709
59.674709
59.674709
59.674709
59.674709
59.674709
59.674709
58.470434
56.069192
54.067360
52.485015
51.310859
50.507173
50.021600
49.804687
49.827869
50.094435
50.638241
51.510821
52.762909
54.427737
56.510641
58.985249
59.674709
59.674709
59.674709
59.674709
59.674709
59.674709
59.674709
59.674709
59.674709
59.674709
59.674709
59.674709
59.674709
59.674709
59.674709
59.575573
57.021679
54.849442
53.092242
51.751564
50.799661
50.188387
49.864760
49.789624
49.952416
50.375269
51.104465
52.193350
53.684110
55.594487
57.911427
59.674709
59.674709
59.674709
59.674709
59.674709
59.674709
59.674709
59.674709
59.674709
59.674709
59.674709
59.674709
59.674709
59.674709
59.674709
59.674709
58.040564
55.703709
53.771883
52.259780
51.151140
50.404765
49.967462
49.792128
49.855085
50.165207
50.760475
51.693616
53.013450
54.749049
56.900534
59.436160
59.674709
59.674709
59.674709
59.674709
59.674709
59.674709
59.674709
59.674709
59.674709
59.674709
59.674709
59.674709
59.674709
59.674709
86.065793
83.525050
80.385038
76.646766
72.278252
