59.674709
57.122137
54.932888
53.157913
51.800025
50.832583
50.208029
49.873207
49.788027
49.940543
50.351598
51.066765
52.139477
53.612709
55.505407
57.805870
59.674709
59.674709
59.674709
59.674709
59.674709
59.674709
59.674709
59.674709
59.674709
59.674709
59.674709
59.674709
59.674709
59.674709
59.674709
59.674709
58.147553
55.794401
53.844952
52.315251
51.190269
50.429648
49.980357
49.794654
49.847605
50.146692
50.728894
51.646693
52.949433
54.667255
56.801598
59.322065
59.674709
59.674709
59.674709
59.674709
59.674709
59.674709
59.674709
59.674709
59.674709
59.674709
59.674709
59.674709
59.674709
59.674709
59.674709
59.234893
56.726135
54.604985
52.900804
51.611148
50.705062
50.132822
49.842160
49.796878
49.990570
50.449122
51.220742
52.358317
53.901543
55.864498
58.230100
59.674709
59.674709
59.674709
59.674709
59.674709
59.674709
59.674709
59.674709
59.674709
59.674709
59.674709
59.674709
59.674709
59.674709
59.674709
59.674709
57.725298
55.437535
53.558419
52.098617
51.038265
50.333798
49.931741
49.787086
49.879990
50.223453
50.858265
51.837693
53.208822
54.997436
57.199700
59.674709
59.674709
59.674709
59.674709
59.674709
59.674709
59.674709
59.674709
59.674709
59.674709
59.674709
59.674709
59.674709
59.674709
59.674709
59.674709
58.788158
56.341163
54.288945
52.655484
51.433160
50.586987
50.065537
49.817978
49.812406
50.048032
50.555486
51.385097
52.588686
54.202318
56.235047
58.664403
59.674709
59.674709
59.674709
59.674709
59.674709
59.674709
59.674709
59.674709
59.674709
59.674709
59.674709
59.674709
59.674709
59.674709
59.674709
59.674709
57.313464
55.092298
53.283812
51.893334
50.896347
50.246479
49.890342
49.786154
49.919391
50.308422
50.997395
52.039819
53.480084
55.339386
57.608559
59.674709
59.674709
59.674709
59.674709
59.674709
59.674709
59.674709
59.674709
59.674709
59.674709
59.674709
59.674709
59.674709
59.674709
59.674709
59.674709
58.351082
55.967427
53.984819
52.421852
51.265847
50.478093
50.005951
49.800562
49.834679
50.113133
50.670955
51.560064
52.830713
54.515016
56.616882
59.108459
59.674709
59.674709
59.674709
59.674709
59.674709
59.674709
59.674709
59.674709
59.674709
59.674709
59.674709
59.674709
59.674709
59.674709
59.674709
59.449733
56.912316
54.758801
53.021094
51.699228
50.764261
50.167437
49.856001
49.791857
49.965963
50.401850
51.146541
52.253248
53.763266
55.692999
58.027915
59.674709
59.674709
59.674709
59.674709
59.674709
59.674709
59.674709
59.674709
59.674709
59.674709
59.674709
59.674709
59.674709
59.674709
59.674709
59.674709
57.923992
55.605102
53.692630
52.199788
51.108980
50.378113
49.953855
49.789841
49.863787
50.186091
50.795796
51.745862
53.084502
54.839593
57.009808
59.561926
59.674709
59.674709
59.674709
59.674709
59.674709
59.674709
59.674709
59.674709
59.674709
59.674709
59.674709
59.674709
59.674709
59.674709
59.674709
58.998544
56.522093
54.437136
52.770201
51.516109
50.641746
50.096429
49.828581
49.804216
50.019880
50.503994
51.305951
52.478140
54.058386
56.058141
58.457486
59.674709
59.674709
59.674709
59.674709
59.674709
59.674709
59.674709
59.674709
59.674709
59.674709
59.674709
59.674709
59.674709
59.674709
59.674709
59.674709
57.507188
55.254341
53.412378
51.989150
50.962316
50.286786
49.909059
49.785769
49.899847
50.267143
50.930272
51.942695
53.350134
55.175981
57.413603
59.674709
59.674709
59.674709
59.674709
59.674709
59.674709
59.674709
59.674709
59.674709
59.674709
59.674709
59.674709
59.674709
59.674709
59.674709
59.674709
58.556851
56.143012
54.127363
52.531048
51.343768
50.528537
50.033224
49.807972
49.823285
50.081336
50.615118
51.475864
52.714631
54.365441
56.434653
58.896964
59.674709
59.674709
59.674709
59.674709
59.674709
59.674709
59.674709
59.674709
59.674709
59.674709
59.674709
59.674709
59.674709
59.674709
59.674709
59.666622
57.100948
54.915272
53.144036
51.789773
50.825607
50.203855
49.871394
49.788328
49.943003
50.356533
51.074643
52.150750
53.627666
55.524086
57.828021
59.674709
59.674709
59.674709
59.674709
59.674709
59.674709
59.674709
59.674709
59.674709
59.674709
59.674709
59.674709
59.674709
59.674709
59.674709
59.674709
58.124993
55.775262
53.829519
52.303522
51.181983
50.424368
49.977606
49.794088
49.849143
50.150545
50.735488
51.656507
52.962838
54.684399
56.822353
59.346018
59.674709
59.674709
59.674709
59.674709
59.674709
59.674709
59.674709
59.674709
59.674709
59.674709
59.674709
59.674709
59.674709
59.674709
59.674709
59.211060
56.705522
54.587994
52.887552
51.601476
50.698592
50.129071
49.840712
49.797530
49.993418
50.454516
51.229161
52.370195
53.917132
55.883786
58.252791
59.674709
59.674709
59.674709
59.674709
59.674709
59.674709
59.674709
59.674709
59.674709
59.674709
59.674709
59.674709
59.674709
59.674709
59.674709
59.674709
57.703282
55.419008
53.543616
52.087492
51.030518
50.328975
49.929375
49.786871
49.881894
50.227733
50.865368
51.848089
53.222853
55.015204
57.221030
59.674709
59.674709
59.674709
59.674709
59.674709
59.674709
59.674709
59.674709
59.674709
59.674709
59.674709
59.674709
59.674709
59.674709
59.674709
59.674709
58.764827
56.321140
54.272583
52.642852
51.424057
50.581008
50.062199
49.816889
49.813413
50.051278
50.561355
51.394071
52.601177
54.218537
56.254935
58.687617
59.674709
59.674709
59.674709
59.674709
59.674709
59.674709
59.674709
59.674709
59.674709
59.674709
59.674709
59.674709
59.674709
59.674709
59.674709
59.674709
57.292006
55.074388
53.269638
51.882803
50.889127
50.242099
49.888353
49.786290
49.921670
50.313143
51.005021
52.050808
53.494744
55.357774
57.630449
59.674709
59.674709
59.674709
59.674709
59.674709
59.674709
59.674709
59.674709
59.674709
59.674709
59.674709
59.674709
59.674709
59.674709
59.674709
59.674709
58.328271
55.948002
53.969086
52.409834
51.257302
50.472591
50.003013
49.799829
49.836044
50.116788
50.677313
51.569605
52.843823
54.531863
56.637361
59.132179
59.674709
59.674709
59.674709
59.674709
59.674709
59.674709
59.674709
59.674709
59.674709
59.674709
59.674709
59.674709
59.674709
59.674709
59.674709
59.425669
56.891429
54.741514
53.007546
51.689283
50.757553
50.163488
49.854380
49.792343
49.968626
50.407025
51.154702
52.264839
53.778555
55.711999
58.050352
59.674709
59.674709
59.674709
59.674709
59.674709
59.674709
59.674709
59.674709
59.674709
59.674709
59.674709
59.674709
59.674709
59.674709
59.674709
59.674709
57.901716
55.586284
53.677528
52.188378
51.100980
50.373075
49.951308
49.789460
49.865516
50.190168
50.802656
51.755981
53.098235
54.857066
57.030866
59.586133
59.674709
59.674709
59.674709
59.674709
59.674709
59.674709
59.674709
59.674709
59.674709
59.674709
59.674709
59.674709
59.674709
59.674709
59.674709
58.974973
56.501790
54.420475
52.757276
51.506738
50.635536
50.092897
49.827323
49.805055
50.022935
50.509637
51.314661
52.490340
54.074307
56.077745
58.480454
59.674709
59.674709
59.674709
59.674709
59.674709
59.674709
59.674709
59.674709
59.674709
59.674709
59.674709
59.674709
59.674709
59.674709
59.674709
59.674709
57.485464
55.236138
53.397906
51.978338
50.954849
50.282197
49.906893
49.785738
49.901948
50.271654
50.937648
51.953403
53.364495
55.194076
57.435229
59.674709
59.674709
59.674709
59.674709
59.674709
59.674709
59.674709
59.674709
59.674709
59.674709
59.674709
59.674709
59.674709
59.674709
59.674709
59.674709
58.533792
56.123303
54.111332
52.518740
51.334961
50.522811
50.030098
49.807071
49.824480
50.084796
50.621242
51.485136
52.727447
54.381991
56.454854
58.920447
59.674709
59.674709
59.674709
59.674709
59.674709
59.674709
59.674709
59.674709
59.674709
59.674709
59.674709
59.674709
59.674709
59.674709
59.674709
59.642331
57.079788
54.897689
53.130192
51.779552
50.818657
50.199703
49.869600
49.788648
49.945483
50.361491
51.082548
52.162055
53.642657
55.542796
57.850201
59.674709
59.674709
59.674709
59.674709
59.674709
59.674709
59.674709
59.674709
59.674709
59.674709
59.674709
59.674709
59.674709
59.674709
59.674709
59.674709
58.102462
55.756156
53.814119
52.291825
51.173727
50.419112
49.974875
49.793540
49.850699
50.154420
50.742108
51.666351
52.976276
54.701577
56.843138
59.369997
59.674709
59.674709
59.674709
59.674709
59.674709
59.674709
59.674709
59.674709
59.674709
59.674709
59.674709
59.674709
59.674709
59.674709
59.674709
59.187253
56.684941
54.571037
52.874333
51.591834
50.692147
50.125343
49.839283
49.798202
49.996286
50.459936
51.237610
52.382106
53.932753
55.903105
58.275510
59.674709
59.674709
59.674709
59.674709
59.674709
59.674709
59.674709
59.674709
59.674709
59.674709
59.674709
59.674709
59.674709
59.674709
59.674709
59.674709
57.681294
55.400513
53.528846
52.076398
51.022800
50.324176
49.927030
49.786674
49.883818
50.232037
50.872498
51.858517
53.236916
55.033005
57.242389
59.674709
59.674709
59.674709
59.674709
59.674709
59.674709
59.674709
59.674709
59.674709
59.674709
59.674709
59.674709
59.674709
59.674709
59.674709
59.674709
58.741523
56.301148
54.256253
52.630252
51.414984
50.575055
50.058882
49.815820
49.814439
50.054545
50.567249
51.403075
52.613701
54.234789
56.274854
58.710859
59.674709
59.674709
59.674709
59.674709
59.674709
59.674709
59.674709
59.674709
59.674709
59.674709
59.674709
59.674709
59.674709
59.674709
59.674709
59.674709
57.270577
55.056510
53.255497
51.872304
50.881933
50.237742
49.886383
49.786443
49.923970
50.317888
51.012674
52.061828
53.509436
55.376193
57.652369
59.674709
59.674709
59.674709
59.674709
59.674709
59.674709
59.674709
59.674709
59.674709
59.674709
59.674709
59.674709
59.674709
59.674709
59.674709
59.674709
58.305487
55.928608
53.953387
52.397849
51.248786
50.467114
50.000097
49.799115
49.837429
50.120465
50.683696
51.579177
52.856966
54.548744
56.657870
59.155926
59.674709
59.674709
59.674709
59.674709
59.674709
59.674709
59.674709
59.674709
59.674709
59.674709
59.674709
59.674709
59.674709
59.674709
59.674709
59.401631
56.870572
54.724260
52.994032
51.679368
50.750871
50.159560
49.852779
49.792847
49.971309
50.412224
51.162892
52.276462
53.793878
55.731031
58.072818
59.674709
59.674709
59.674709
59.674709
59.674709
59.674709
59.674709
59.674709
59.674709
59.674709
31.536798
27.049764
23.474222
21.114472
20.239859
21.068700
23.678516
31.536798
27.049764
23.474222
21.114472
31.536798
27.049764
23.474222
21.114472
20.239859
21.068700
23.678516
27.915666
33.376758
39.509121
45.777618
51.788313
57.317360
62.274075
66.646805
70.458322
72.817451
72.036993
70.305228
67.720365
64.424299
60.592112
56.421686
52.122624
47.902801
43.952335
40.427558
37.439572
35.051473
33.285321
32.136361
31.589731
28.831224
24.829376
21.930632
20.407158
20.507675
22.380551
36.133415
32.700119
30.478911
29.794532
30.884751
33.828481
38.442181
44.265006
50.685080
57.132871
63.210137
68.706633
73.549320
77.740459
81.310688
84.289516
86.020765
85.152155
83.224279
80.342399
76.652587
72.328071
67.560262
62.553598
57.520539
52.673112
48.209929
44.301318
41.077779
38.626405
36.996313
36.209954
34.007191
31.232543
29.874949
30.205677
32.383952
36.344490
41.734388
47.981810
54.477798
60.744760
66.498067
71.615456
76.074656
79.898987
83.121115
85.761128
85.646353
84.149144
81.648307
78.274790
74.191912
69.584300
64.651494
59.603385
54.653518
50.007882
45.850290
42.328775
39.548310
37.572658
36.433831
35.508053
32.231529
30.248720
29.848963
31.251405
34.496889
39.352526
45.319778
51.780655
58.188547
64.178318
69.567216
74.298935
78.383270
81.852332
84.733462
85.951699
84.899822
82.802867
79.774032
75.964802
71.551954
66.729392
61.703311
56.686820
51.890700
47.509829
43.708473
40.609826
38.293997
36.804745
36.161260
33.454261
30.897117
29.806151
30.441130
32.931256
37.164470
42.742134
49.071994
55.557744
61.753116
67.404529
72.410980
76.761186
80.482101
83.605519
86.065093
85.469066
83.795765
81.137976
77.633070
73.448582
68.771994
63.804916
58.758432
53.845726
49.270125
45.210264
41.807208
39.158622
37.322123
36.325596
34.879295
31.799505
30.063434
29.954759
31.670829
35.211481
59.674709
57.122137
54.932888
53.157913
51.800025
50.832583
50.208029
49.873207
49.788027
49.940543
50.351598
51.066765
52.139477
53.612709
55.505407
57.805870
59.674709
59.674709
59.674709
59.674709
59.674709
59.674709
59.674709
59.674709
59.674709
59.674709
59.674709
59.674709
59.674709
59.674709
59.674709
59.674709
58.147553
55.794401
53.844952
52.315251
51.190269
50.429648
49.980357
49.794654
49.847605
50.146692
50.728894
51.646693
52.949433
54.667255
56.801598
59.322065
59.674709
59.674709
59.674709
59.674709
59.674709
59.674709
59.674709
59.674709
59.674709
59.674709
59.674709
59.674709
59.674709
59.674709
59.674709
59.234893
56.726135
54.604985
52.900804
51.611148
50.705062
50.132822
49.842160
49.796878
49.990570
50.449122
51.220742
52.358317
53.901543
55.864498
58.230100
59.674709
59.674709
59.674709
59.674709
59.674709
59.674709
59.674709
59.674709
59.674709
59.674709
59.674709
59.674709
59.674709
59.674709
59.674709
59.674709
57.725298
55.437535
53.558419
52.098617
51.038265
50.333798
49.931741
49.787086
49.879990
50.223453
50.858265
51.837693
53.208822
54.997436
57.199700
59.674709
59.674709
59.674709
59.674709
59.674709
59.674709
59.674709
59.674709
59.674709
59.674709
59.674709
59.674709
59.674709
59.674709
59.674709
59.674709
58.788158
56.341163
54.288945
52.655484
51.433160
50.586987
50.065537
49.817978
49.812406
50.048032
50.555486
51.385097
52.588686
54.202318
56.235047
58.664403
59.674709
59.674709
59.674709
59.674709
59.674709
59.674709
59.674709
59.674709
59.674709
59.674709
59.674709
59.674709
59.674709
59.674709
59.674709
59.674709
57.313464
55.092298
53.283812
51.893334
50.896347
50.246479
49.890342
49.786154
49.919391
50.308422
50.997395
52.039819
53.480084
55.339386
36.101711
36.552542
37.819907
39.920781
42.819105
