36.101711
36.236547
36.552542
37.080758
37.819907
38.767762
39.920781
41.273692
42.819105
44.547162
46.445309
48.498200
50.687754
52.993373
55.392285
57.859989
60.370743
62.898048
65.415094
67.895127
70.311743
72.639093
74.852037
76.926261
78.838413
80.566269
82.088979
83.387397
84.444501
85.245877
85.780219
86.039788
85.396704
84.104935
82.668454
81.086427
79.356452
77.474951
75.437663
73.240259
70.879150
68.352537
65.661756
62.812950
59.819035
56.701832
53.494101
50.241028
47.000578
43.842129
40.842988
38.082919
35.637435
33.571138
31.932528
30.751248
30.038041
29.786913
29.978641
30.584686
31.570823
32.900117
34.535093
36.135856
36.274805
36.626544
37.190338
37.964767
38.947410
40.134461
41.520322
43.097206
44.854817
46.780133
48.857340
51.067915
53.390866
55.803099
58.279869
60.795273
63.322730
65.835417
68.306620
70.710017
73.019867
75.211162
77.259739
79.142422
80.837200
82.323482
83.582450
84.597484
85.354658
85.843235
86.056117
85.189638
83.873516
82.412668
80.805969
79.050791
77.143403
75.079486
72.854772
70.465893
67.911474
65.193534
62.319210
59.302764
56.167723
52.948857
49.693513
46.461728
43.324515
40.360024
37.647789
35.261931
33.264651
31.701394
30.598560
29.963878
29.788862
30.052449
30.724905
31.771364
33.154668
34.837412
36.144322
36.319080
36.706542
37.305877
38.115518
39.132841
40.353768
41.772358
43.380423
45.167220
47.119258
49.220257
51.451258
53.790887
56.215740
58.700842
61.220144
63.746994
66.254566
68.716195
71.105644
73.397287
75.566249
77.588524
79.441116
81.102232
82.551554
83.770600
84.743169
85.455836
85.898448
86.064553
84.978464
83.638010
82.152761
80.521316
78.740828
76.807430
74.716761
72.464640
70.047949
67.465777
64.720874
61.821430
58.783113
55.631215
52.402551
49.146639
45.925535
42.811781
39.884204
37.221914
34.897453
32.970479
31.483321
30.459146
29.902740
29.803231
30.137828
30.875704
31.981429
33.417682
35.147167
36.158812
36.369370
36.792533
37.427363
38.272144
39.324033
40.578669
42.029758
43.668700
45.484301
47.462601
49.586854
51.837676
54.193322
56.630088
59.122784
61.645228
64.170713
66.672416
69.123728
71.498505
73.771237
75.917187
77.912508
79.734392
81.361272
82.773110
83.951775
84.881499
85.549371
85.945834
85.982975
84.763189
83.398414
81.888725
80.232451
78.426543
76.467010
74.349469
72.069850
69.625317
67.015466
64.243828
61.319701
58.260225
55.092507
51.855446
48.600724
45.392363
42.304310
39.415900
36.805621
34.544253
32.688787
31.278380
30.332993
29.854547
29.829892
30.234620
31.036907
32.200839
33.688984
35.464188
36.179326
36.425673
36.884509
37.554789
38.434629
39.520962
40.809129
42.292474
43.961978
45.805989
47.810076
49.957036
52.227063
54.598053
57.046018
59.545568
62.070399
64.593759
67.088839
69.529096
71.888478
74.141600
76.263863
78.231586
80.022151
81.614227
82.988068
84.125906
85.012417
85.635223
85.985373
85.788076
84.543820
83.154725
81.620547
79.939358
78.107915
76.122121
73.977591
71.670391
69.198003
66.560568
63.762452
60.814123
57.734249
54.551809
51.307812
48.056096
44.862579
41.802486
38.955478
36.399225
34.202571
32.419723
31.086630
30.220077
29.819210
29.868710
30.342661
31.208338
32.429414
33.968398
35.788310
36.205861
36.487984
36.982466
37.688142
38.602956
39.723602
41.045114
42.560460
44.260197
46.132210
48.161597
50.330703
52.619309
55.004964
57.463410
59.969068
62.495529
65.016004
67.503712
69.932175
72.275445
74.508261
76.606168
78.545652
80.304295
81.861008
83.196348
84.292923
85.135871
85.713358
86.017049
85.589036
84.320361
82.906937
81.348216
79.642018
77.784924
75.772744
73.601111
71.266256
68.766012
66.101113
63.276811
60.304801
57.205345
54.009340
50.759932
47.513092
44.336556
41.306690
38.503297
36.003030
33.872632
32.163419
30.908111
30.120361
29.796631
29.919544
30.461785
31.389820
32.666977
34.255752
36.119368
36.238418
36.556301
37.086396
37.827411
38.777106
39.931926
41.286584
42.833665
44.563292
46.462886
48.517074
50.707753
53.014303
55.413936
57.882138
60.393157
62.920489
65.437322
67.916908
70.332844
72.659288
74.871105
76.943991
78.854602
80.580726
82.101525
83.397871
84.452763
85.251812
85.783742
86.040848
85.385869
84.092814
82.655046
81.071718
79.340414
77.457549
75.418857
73.220013
70.857439
68.329356
65.637136
62.786973
59.791852
56.673683
53.465332
50.212097
46.972055
43.814672
40.817305
38.059709
35.617329
33.554644
31.919994
30.742851
30.033796
29.786703
29.982248
30.591824
31.581175
32.913348
34.550873
36.136153
36.276993
36.630619
37.196292
37.972583
38.957060
40.145905
41.533500
43.112038
44.871200
46.797939
48.876416
51.088084
53.411933
55.824850
58.302079
60.817707
63.345152
65.857587
68.328303
70.730981
73.039888
75.230019
77.277224
79.158333
80.851347
82.335691
83.592561
84.605362
85.360193
85.846347
86.056760
85.178586
83.861179
82.399042
80.791039
79.034526
77.125768
75.060441
72.834282
70.443935
67.888048
65.168679
62.293017
59.275399
56.139443
52.920025
49.664608
46.433337
43.297307
40.334709
37.625060
35.242401
33.248803
31.689547
30.590864
29.960323
29.789311
30.056671
30.732607
31.782223
33.168350
34.853589
36.144937
36.321586
36.710934
37.312145
38.123644
39.142796
40.365508
41.785820
43.395524
45.183852
47.137289
49.239529
51.471592
53.812085
56.237585
58.723106
61.242593
63.769390
66.276671
68.737773
71.126465
73.417127
75.584890
77.605758
79.456743
81.116065
82.563420
83.780345
84.750660
85.460968
85.901147
86.064779
84.967195
83.625457
82.138918
80.506163
78.724335
76.789560
74.697475
72.443904
70.025743
67.442106
64.695786
61.795026
58.755574
55.602814
52.373670
49.117776
45.897294
42.784841
39.859277
37.199683
34.878512
32.955286
31.472167
30.452151
29.899871
29.804333
30.142657
30.883960
31.992786
33.431806
35.163731
36.159745
36.372194
36.797241
37.433946
38.280580
39.334292
40.590703
42.043502
43.684067
45.501178
47.480852
49.606319
51.858171
54.214643
56.652019
59.145096
61.667685
64.193076
66.694448
69.145195
71.519176
73.790890
75.935606
77.929485
79.749730
81.374786
82.784630
83.961150
84.888600
85.554098
85.948119
85.972784
84.751705
83.385645
81.874663
80.217076
78.409821
76.448905
74.329941
72.048867
69.602864
66.991553
64.218509
61.293091
58.232518
55.063995
51.826530
48.571921
45.364291
42.277659
39.391380
36.783905
34.525915
32.674257
31.267922
30.326698
29.852360
29.831639
30.240047
31.045708
32.212685
33.703541
35.481132
36.180577
36.428814
36.889534
37.561684
38.443374
39.531523
40.821456
42.306498
43.977607
45.823108
47.828543
49.976687
52.247711
54.619493
57.068030
59.567921
62.092857
64.616083
67.110793
69.550445
71.908994
74.161060
76.282054
78.248301
80.037195
81.627417
82.999237
84.134906
85.019125
85.639543
85.987243
85.777666
84.532120
83.141739
81.606267
79.923758
78.090964
76.103780
73.957821
71.649162
69.175302
66.536413
63.736906
60.787313
57.706384
54.523198
51.278876
48.027371
44.834697
41.776143
38.931384
36.378040
34.184848
32.405864
31.076869
30.214480
29.817700
29.871096
30.348677
31.217674
32.441739
33.983380
35.805625
36.207430
36.491442
36.987807
37.695350
38.612009
39.734464
41.057731
42.574761
44.276085
46.149565
48.180275
50.350535
52.640105
55.026516
57.485495
59.991455
62.517980
65.038283
67.525580
69.953400
72.295799
74.527523
76.624125
78.562100
80.319040
81.873869
83.207162
84.301546
85.142184
85.717269
86.018503
85.578408
84.308444
82.893735
81.333716
79.626194
77.767742
75.754165
73.581097
71.244780
68.743065
66.076718
63.251042
60.277797
57.177330
53.980642
50.730991
47.484462
44.308883
41.280677
38.479649
35.982393
33.855535
32.150238
30.899050
30.115460
29.795792
29.922560
30.468383
31.399682
32.679771
34.271148
36.133388
36.240305
36.560076
37.092052
37.834931
38.786467
39.943087
41.299490
42.848240
44.579436
46.480474
48.535958
50.727761
53.035241
55.435593
57.904290
60.415571
62.942928
65.459548
67.938684
70.353938
72.679473
74.890162
76.961708
78.870777
80.595166
82.114053
83.408326
84.461005
85.257727
85.787244
86.041886
85.375023
84.080681
82.641627
81.056997
79.324364
77.440134
75.400039
73.199755
70.835715
68.306162
65.612504
62.760985
59.764660
56.645527
53.436559
50.183167
46.943539
43.787229
40.791641
38.036525
35.597254
33.538184
31.907496
30.734491
30.029589
29.786528
29.985887
30.598993
31.591553
32.926603
34.566674
36.136466
36.279198
36.634712
37.202262
37.980415
38.966726
40.157364
41.546693
43.126885
44.887596
46.815757
48.895502
51.108263
53.433007
55.846606
58.324291
60.840143
63.367572
65.879754
68.349981
70.751938
73.059899
75.248866
77.294695
79.174229
80.865478
82.347881
83.602654
84.613220
85.365706
85.849437
86.057381
85.167523
83.848830
82.385406
80.776097
79.018250
77.108120
75.041383
72.813778
70.421963
67.864609
65.143811
62.266813
59.248025
56.111156
52.891190
49.635705
46.404953
43.270112
40.309414
37.602356
35.222902
33.232989
31.677738
30.583205
29.956805
29.789795
30.060925
30.740339
31.793109
33.182056
34.869787
36.145568
36.324109
36.715343
37.318430
38.131787
39.152767
40.377263
41.799298
43.410639
45.200497
47.155331
49.258812
51.491936
53.833289
56.259434
58.745373
61.265042
63.791784
66.298772
68.759346
71.147279
73.436958
75.603520
77.622978
79.472355
81.129882
82.575269
83.790070
84.758131
85.466079
85.903824
86.064983
84.955916
83.612892
82.125064
80.490999
78.707831
76.771678
74.678176
72.423154
70.003523
67.418423
64.670685
61.768611
58.728025
55.574406
52.344787
49.088917
45.869062
42.757916
39.834371
37.177479
34.859603
32.940128
31.461049
30.445193
29.897038
29.805469
30.147517
30.892245
32.004169
33.445954
35.180317
36.160695
36.375034
36.801966
37.440544
38.289033
39.344567
40.602753
42.057261
43.699447
45.518068
47.499114
49.625793
51.878673
54.235971
56.673954
59.167410
61.690142
64.215438
66.716476
69.166656
71.539840
73.810534
75.954013
77.946449
79.765053
81.388283
82.796131
83.970505
84.895680
85.558804
85.950382
85.962582
84.740208
83.372864
81.860590
80.201688
78.393088
76.430787
74.310400
72.027871
69.580397
66.967627
64.193178
61.266471
58.204804
55.035478
51.797613
48.543122
45.336230
42.251024
39.366882
36.762216
34.507609
32.659763
31.257500
30.320440
29.850208
29.833421
30.245505
31.054537
32.224556
33.718121
35.498096
36.181844
36.431971
36.894575
37.568596
38.452136
39.542100
40.833799
42.320536
43.993250
45.840239
47.847021
49.996348
52.268367
54.640939
57.090045
59.590275
62.115314
64.638405
67.132742
69.571787
71.929502
74.180511
76.300233
78.265003
80.052224
81.640590
83.010387
84.143887
85.025812
85.643842
85.989091
85.767244
84.520407
83.128742
81.591974
79.908147
78.074001
76.085425
73.938037
71.627919
69.152588
66.512245
63.711349
60.760492
57.678511
54.494582
51.249940
47.998650
44.806825
41.749818
38.907314
36.356884
34.167158
32.392041
31.067145
30.208920
29.816224
29.873515
30.354725
31.227038
32.454089
33.998383
35.822959
36.209016
36.494917
36.993164
37.702575
38.621079
39.745342
41.070364
42.589076
44.291987
46.166933
48.198964
50.370376
52.660909
55.048073
57.507584
60.013843
62.540432
65.060558
67.547443
69.974618
72.316144
74.546774
76.642070
78.578533
80.333769
81.886713
83.217957
84.310149
85.148475
85.721160
86.019935
85.567768
84.296516
82.880522
81.319204
79.610358
77.750547
75.735573
73.561070
71.223290
68.720104
66.052311
63.225261
60.250782
57.149307
53.951939
50.702051
47.455838
44.281222
41.254682
38.456024
35.961784
33.838471
32.137093
30.890026
30.110596
29.794987
29.925610
30.475010
31.409572
32.692591
34.286565
36.133400
36.242208
36.563869
37.097724
37.842468
38.795843
39.954264
41.312411
42.862830
44.595594
46.498075
48.554854
50.747778
53.056187
55.457256
57.926446
60.437987
62.965367
65.481771
67.960455
70.375025
72.699650
74.909209
76.979413
78.886937
80.609590
82.126564
83.418762
84.469227
85.263620
85.790724
86.042902
85.364166
84.068537
82.628196
81.042265
79.308302
77.422708
75.381208
73.179483
70.813977
68.282956
65.587859
62.734985
59.737457
56.617364
53.407782
50.154238
46.915029
43.759798
40.765996
38.013365
35.577208
33.521758
31.895034
30.726168
30.025417
29.786389
29.989559
30.606192
31.601959
32.939882
34.582496
36.136796
36.281420
36.638821
37.208249
37.988263
38.976409
40.168839
41.559901
43.141745
44.904006
46.833586
48.914599
51.128450
53.454088
55.868368
58.346507
60.862579
63.389991
65.901917
68.371653
70.772888
73.079900
75.267701
77.312154
79.190111
80.879593
82.360054
83.612726
84.621058
85.371199
85.852506
86.057980
85.156448
83.836470
82.371758
80.761143
79.001961
77.090460
75.022312
72.793262
70.399978
67.841157
65.118931
62.240598
59.220641
56.082863
52.862353
49.606804
46.376576
43.242932
40.284139
37.579679
35.203434
33.217210
31.665965
30.575583
29.953323
29.790314
30.065211
30.748100
31.804021
33.195785
34.886005
36.146217
36.326648
36.719769
37.324731
38.139946
39.162754
40.389034
41.812790
43.425768
45.217155
47.173385
49.278105
51.512288
53.854499
56.281287
58.767642
61.287492
63.814177
66.320869
68.780913
71.168085
73.456778
75.622138
77.640185
79.487952
81.143681
82.587099
83.799776
84.765581
85.471169
85.906480
86.065165
84.944624
83.600316
82.111197
80.475823
78.691315
76.753784
74.658864
72.402392
69.981291
67.394727
64.645572
61.742186
58.700468
55.545992
52.315903
49.060060
45.840838
42.731006
39.809486
37.155301
34.840726
32.925005
31.449968
30.438272
29.894242
29.806639
30.152409
30.900559
32.015579
33.460125
35.196922
36.161661
36.377891
36.806708
37.447160
38.297501
39.354857
40.614818
42.071035
43.714841
45.534971
47.517388
49.645277
51.899184
54.257306
56.695894
59.189726
61.712599
64.237797
66.738501
69.188111
71.560496
73.830167
75.972408
77.963399
79.780361
81.401763
82.807614
83.979840
84.902739
85.563488
85.952623
85.952368
84.728701
83.360072
81.846506
80.186289
78.376343
76.412657
74.290847
72.006863
69.557917
66.943688
64.167836
61.239841
58.177080
55.006955
51.768695
48.514327
45.308177
42.224404
39.342406
36.740555
34.489336
32.645305
31.247115
30.314219
29.848093
29.835236
30.250994
31.063395
32.236453
33.732724
35.515080
36.183129
36.435146
36.899633
37.575525
38.460913
39.552693
40.846156
42.334589
44.008906
45.857382
47.865511
50.016018
52.289031
54.662390
57.112064
59.612632
62.137772
64.660725
67.154687
69.593124
71.950001
74.199951
76.318400
78.281690
80.067237
81.653746
83.021519
84.152847
85.032478
85.648120
85.990917
85.756811
84.508684
83.115734
81.577671
79.892524
78.057025
76.067059
73.918241
71.606664
69.129861
66.488065
63.685780
60.733662
57.650629
54.465961
51.221004
47.969934
44.778964
41.723510
38.883266
36.335756
34.149500
32.378254
31.057458
30.203397
29.814785
29.875968
30.360803
31.236430
32.466464
34.013408
35.840312
36.210619
36.498409
36.998537
37.709816
38.630164
39.756235
41.083012
42.603406
44.307902
46.184314
48.217664
50.390227
52.681720
55.069636
57.529676
60.036233
62.562883
65.082832
67.569302
69.995829
72.336481
74.566015
76.660002
78.594952
80.348482
81.899540
83.228734
84.318732
85.154746
85.725028
86.021346
85.557117
84.284576
82.867296
81.304680
79.594510
77.733341
75.716968
73.541031
71.201787
68.697130
66.027891
63.199468
60.223758
57.121277
53.923233
50.673111
47.427219
44.253572
41.228704
38.432424
35.941205
33.821441
32.123984
30.881039
30.105769
29.794218
29.928692
30.481668
31.419489
32.705434
34.302004
36.133429
36.244129
36.567677
37.103413
37.850022
38.805236
39.965457
41.325348
42.877433
44.611764
46.515689
48.573760
50.767805
53.077139
55.478924
57.948605
60.460404
62.987804
65.503991
67.982221
70.396105
72.719817
74.928244
76.997104
78.903082
80.623998
82.139057
83.429179
84.477428
85.269492
85.794182
86.043895
85.353297
84.056381
82.614754
81.027520
79.292229
77.405269
75.362365
73.159199
70.792227
68.259736
65.563202
62.708973
59.710245
56.589194
53.379002
50.125310
46.886526
43.732379
40.740370
37.990230
35.557192
33.505366
31.882609
30.717882
30.021282
29.786284
29.993264
30.613421
31.612391
32.953185
34.598339
36.137143
36.283658
36.642946
37.214253
37.996128
38.986107
40.180329
41.573124
43.156620
44.920428
46.851428
48.933706
51.148646
53.475176
55.890134
58.368726
60.885016
63.412409
65.924077
68.393320
70.793830
73.099892
75.286525
77.329600
79.205977
80.893691
82.372208
83.622780
84.628875
85.376670
85.855552
86.058557
85.145363
83.824099
82.358098
80.746177
78.985661
77.072788
75.003229
72.772732
70.377980
67.817692
65.094038
62.214372
59.193248
56.054562
52.833512
49.577905
46.348207
43.215765
40.258884
37.557027
35.183996
33.201466
31.654228
30.567999
29.949878
29.790867
30.069529
30.755890
31.814959
33.209538
34.902244
36.101711
36.236547
36.552542
37.080758
37.819907
38.767762
39.920781
41.273692
42.819105
44.547162
46.445309
48.498200
50.687754
52.993373
55.392285
57.859989
36.101711
36.236547
36.552542
37.080758
37.819907
38.767762
39.920781
41.273692
42.819105
44.547162
46.445309
48.498200
50.687754
52.993373
55.392285
57.859989
60.370743
62.898048
65.415094
67.895127
70.311743
72.639093
74.852037
76.926261
78.838413
80.566269
82.088979
83.387397
84.444501
85.245877
85.780219
86.039788
85.396704
84.104935
82.668454
81.086427
79.356452
77.474951
75.437663
73.240259
70.879150
68.352537
65.661756
62.812950
59.819035
56.701832
53.494101
50.241028
47.000578
43.842129
40.842988
38.082919
35.637435
33.571138
31.932528
30.751248
30.038041
29.786913
29.978641
30.584686
31.570823
32.900117
34.535093
36.135856
36.274805
36.626544
37.190338
37.964767
38.947410
40.134461
41.520322
43.097206
44.854817
46.780133
48.857340
51.067915
53.390866
55.803099
58.279869
60.795273
63.322730
65.835417
68.306620
70.710017
73.019867
75.211162
77.259739
79.142422
80.837200
82.323482
83.582450
84.597484
85.354658
85.843235
86.056117
85.189638
83.873516
82.412668
80.805969
79.050791
77.143403
75.079486
72.854772
70.465893
67.911474
65.193534
62.319210
59.302764
56.167723
52.948857
49.693513
46.461728
43.324515
40.360024
37.647789
35.261931
33.264651
31.701394
30.598560
29.963878
29.788862
30.052449
30.724905
31.771364
33.154668
34.837412
36.144322
36.319080
36.706542
37.305877
38.115518
39.132841
40.353768
41.772358
43.380423
45.167220
47.119258
49.220257
51.451258
53.790887
56.215740
58.700842
61.220144
63.746994
66.254566
68.716195
71.105644
73.397287
75.566249
77.588524
79.441116
81.102232
82.551554
83.770600
84.743169
85.455836
85.898448
86.064553
84.978464
83.638010
82.152761
80.521316
78.740828
76.807430
74.716761
72.464640
70.047949
67.465777
64.720874
61.821430
58.783113
55.631215
52.402551
49.146639
45.925535
42.811781
39.884204
37.221914
34.897453
32.970479
31.483321
30.459146
29.902740
29.803231
30.137828
30.875704
31.981429
33.417682
35.147167
36.158812
36.369370
36.792533
37.427363
38.272144
39.324033
40.578669
42.029758
43.668700
45.484301
47.462601
49.586854
51.837676
54.193322
56.630088
59.122784
61.645228
64.170713
66.672416
69.123728
71.498505
73.771237
75.917187
77.912508
79.734392
81.361272
82.773110
83.951775
84.881499
85.549371
85.945834
85.982975
84.763189
83.398414
81.888725
80.232451
78.426543
76.467010
74.349469
72.069850
69.625317
67.015466
64.243828
61.319701
58.260225
55.092507
51.855446
48.600724
45.392363
42.304310
39.415900
36.805621
34.544253
32.688787
31.278380
30.332993
29.854547
29.829892
30.234620
31.036907
32.200839
33.688984
35.464188
36.179326
36.425673
36.884509
37.554789
38.434629
39.520962
40.809129
42.292474
43.961978
45.805989
47.810076
49.957036
52.227063
54.598053
57.046018
59.545568
62.070399
64.593759
67.088839
69.529096
71.888478
74.141600
76.263863
78.231586
80.022151
81.614227
82.988068
84.125906
85.012417
85.635223
85.985373
85.788076
84.543820
83.154725
81.620547
79.939358
78.107915
76.122121
73.977591
71.670391
69.198003
66.560568
63.762452
60.814123
57.734249
54.551809
51.307812
48.056096
44.862579
41.802486
38.955478
36.399225
34.202571
32.419723
31.086630
30.220077
29.819210
29.868710
30.342661
31.208338
32.429414
33.968398
35.788310
36.205861
36.487984
36.982466
37.688142
38.602956
39.723602
41.045114
42.560460
44.260197
46.132210
48.161597
50.330703
52.619309
55.004964
57.463410
59.969068
62.495529
65.016004
67.503712
69.932175
72.275445
74.508261
76.606168
78.545652
80.304295
81.861008
83.196348
84.292923
85.135871
85.713358
86.017049
85.589036
84.320361
82.906937
81.348216
79.642018
77.784924
75.772744
73.601111
71.266256
68.766012
66.101113
63.276811
60.304801
57.205345
54.009340
50.759932
47.513092
44.336556
41.306690
38.503297
36.003030
33.872632
32.163419
30.908111
30.120361
29.796631
29.919544
30.461785
31.389820
32.666977
34.255752
36.119368
36.238418
36.556301
37.086396
37.827411
38.777106
39.931926
41.286584
42.833665
44.563292
46.462886
48.517074
50.707753
53.014303
55.413936
57.882138
60.393157
62.920489
65.437322
67.916908
70.332844
72.659288
74.871105
76.943991
78.854602
80.580726
82.101525
83.397871
84.452763
85.251812
85.783742
86.040848
85.385869
84.092814
82.655046
81.071718
79.340414
77.457549
75.418857
73.220013
70.857439
68.329356
65.637136
62.786973
59.791852
56.673683
53.465332
50.212097
46.972055
43.814672
40.817305
38.059709
35.617329
33.554644
31.919994
30.742851
30.033796
29.786703
29.982248
30.591824
31.581175
32.913348
34.550873
36.136153
36.276993
36.630619
37.196292
37.972583
38.957060
40.145905
41.533500
43.112038
44.871200
46.797939
48.876416
51.088084
53.411933
55.824850
58.302079
60.817707
63.345152
65.857587
68.328303
70.730981
73.039888
75.230019
77.277224
79.158333
80.851347
82.335691
83.592561
84.605362
85.360193
85.846347
86.056760
85.178586
83.861179
82.399042
80.791039
79.034526
77.125768
75.060441
72.834282
70.443935
67.888048
65.168679
62.293017
59.275399
56.139443
52.920025
49.664608
46.433337
43.297307
40.334709
37.625060
35.242401
33.248803
31.689547
30.590864
29.960323
29.789311
30.056671
30.732607
31.782223
33.168350
34.853589
36.144937
36.321586
36.710934
37.312145
38.123644
39.142796
40.365508
41.785820
43.395524
45.183852
47.137289
49.239529
51.471592
53.812085
56.237585
58.723106
61.242593
63.769390
66.276671
68.737773
