86.047716
85.930742
85.518708
84.835710
83.891508
82.699184
81.274657
79.636177
77.803876
75.799400
73.645620
71.366437
68.986636
66.531764
64.028000
61.501970
58.980500
56.490280
54.057449
51.707126
49.462915
47.346437
45.376935
43.570997
41.942424
40.502260
39.258965
38.218710
37.385761
36.762887
36.351752
36.153257
35.041967
33.328118
31.909590
30.823717
30.107775
29.797009
29.921891
30.504642
31.555342
33.068221
35.019025
37.364369
40.043722
42.983990
46.105899
49.330830
52.586744
55.812260
58.958591
61.989614
64.880641
67.616482
70.189309
72.596624
74.839499
76.921140
78.845759
80.617706
82.240804
83.717826
85.050082
86.062593
85.880716
85.422594
84.694896
83.707974
82.475424
81.013588
79.341064
77.478263
75.447052
73.270488
70.972631
68.578401
66.113462
63.604083
61.076943
58.558871
56.076494
53.655815
51.321732
49.097547
47.004506
45.061422
43.284418
41.686827
40.279241
39.069711
38.064062
37.266278
36.678915
36.303489
36.140796
34.734699
33.067936
31.702714
30.676464
30.026277
29.786811
29.987410
30.648529
31.777825
33.366562
35.387247
37.793399
40.521990
43.498411
46.643028
49.877955
53.132721
56.347982
59.477118
62.486043
65.351811
68.060620
70.605674
72.985190
75.200689
77.255620
79.154270
80.900944
82.499321
83.951955
85.259873
86.051496
85.822871
85.318849
84.546745
83.517489
82.245175
80.746557
79.040568
77.147884
75.090591
72.891925
70.576098
68.168166
65.693903
63.179664
60.652173
58.138252
55.664455
53.256633
50.939450
48.735893
46.666822
44.750611
43.002919
41.436608
40.061826
38.886226
37.915294
37.152746
36.600937
36.261241
36.134360
34.434924
32.816278
31.505423
30.539849
29.956404
29.789076
30.065978
30.805690
32.013341
33.677160
35.766407
38.231573
41.007278
44.017584
47.182692
50.425616
53.677551
56.881239
59.992221
62.978403
65.818527
68.500116
71.017351
73.369113
75.557338
77.585681
79.458486
81.179992
82.753720
84.181996
85.465553
86.032509
85.757230
85.207516
84.391316
83.320127
82.008523
80.473660
78.734790
76.812850
74.730131
72.510047
70.176960
67.756054
65.273213
62.754870
60.227787
57.718769
55.254284
52.860017
50.560385
48.378046
46.333465
44.444571
42.726554
41.191810
39.850048
38.708532
37.772422
37.045175
36.528957
36.225011
35.989509
34.142810
32.573319
31.317896
30.414044
29.898309
29.803922
30.157663
30.976121
32.261799
33.999830
36.156233
38.678552
41.499207
44.541126
47.724537
50.973504
54.220988
57.411846
60.503770
63.466614
66.280746
68.934955
71.424342
73.748410
75.909465
77.911344
79.758425
81.454864
83.004011
84.407951
85.667112
86.005638
85.683821
85.088640
84.228671
83.115960
81.765554
80.194991
78.423834
76.473267
74.365786
72.124973
69.775337
67.342189
64.851518
62.329829
59.803913
57.300547
54.846101
52.466081
50.184641
48.024100
46.004516
44.143369
42.455377
40.952474
39.643937
38.536650
37.635457
36.943573
36.462981
36.194802
35.661135
33.858530
32.339238
31.140310
30.299220
29.852142
29.831462
30.262519
31.159802
32.523092
34.334373
36.556439
39.133988
41.997398
45.068659
48.268215
51.521322
54.762793
57.939629
61.011645
63.950601
66.738428
69.365124
71.826654
74.123093
76.257090
78.232632
80.054108
81.725575
83.250201
84.629816
85.864539
85.970895
85.602674
84.962270
84.058873
82.905068
81.516356
79.910647
78.107801
76.129245
73.997668
71.736820
69.371351
66.926697
64.428946
61.904668
59.380677
56.883710
54.440025
52.074937
49.812321
47.674146
45.680054
43.847069
42.189439
40.718638
39.443520
38.370598
37.504413
36.847946
36.403011
36.170613
35.339761
33.582257
32.114214
30.972845
30.195544
29.818046
29.871798
30.380591
31.356699
32.797095
34.680571
36.966730
39.597525
42.501469
45.599808
48.813383
52.068782
55.302741
58.464420
61.515735
64.430296
67.191542
69.790614
72.224291
74.493181
76.600234
78.549565
80.345551
81.992137
83.492294
84.847589
86.057821
85.928296
85.513823
84.828457
83.881988
82.687529
81.261018
79.620725
77.786798
75.780894
73.625893
71.345707
68.965125
66.509703
64.005623
61.479515
58.958206
56.468382
54.036175
51.686694
49.443525
47.328271
45.360153
43.555733
41.928790
40.490341
39.248824
38.210394
37.379302
36.758302
36.349052
36.152448
35.025553
33.314165
31.898426
30.815676
30.103182
29.796161
29.925027
30.511911
31.566766
33.083670
35.038197
37.386796
40.068802
43.011037
46.134201
49.359711
52.615608
55.840616
58.986063
62.015936
64.905639
67.640057
70.211419
72.617265
74.858691
76.938918
78.862163
80.632772
82.254562
83.730295
85.061266
86.062204
85.877856
85.417304
84.687254
83.698086
82.463423
80.999631
79.325325
77.460930
75.428325
73.250577
70.951753
68.556781
66.091332
63.581677
61.054499
58.536627
56.054685
53.634668
51.301461
49.078351
46.986563
45.044887
43.269422
41.673476
40.267617
39.059875
38.056057
37.260132
36.674646
36.301107
36.140306
34.718676
33.054429
31.692052
30.668980
30.022294
29.786618
29.991233
30.656498
31.789939
33.382663
35.407004
37.816318
40.547451
43.525719
46.671473
49.906872
53.161530
56.376212
59.504413
62.512152
65.376575
68.083950
70.627536
73.005585
75.219641
77.273164
79.170446
80.915788
82.512861
83.964208
85.270840
86.050691
85.819599
85.313157
84.538717
83.507236
82.232834
80.732289
79.024548
77.130303
75.071651
72.871836
70.555080
68.146444
65.671710
63.157234
60.629746
58.116065
55.642742
53.235618
50.919346
48.716895
46.649105
44.734326
42.988192
41.423542
40.050499
38.876695
37.907600
37.146915
36.596985
36.259177
36.134188
34.419301
32.803225
31.495272
30.532932
29.953039
29.789544
30.070492
30.814361
32.026142
33.693903
35.786734
38.254966
41.033099
44.045131
47.211261
50.454552
53.706293
56.909334
60.019331
63.004295
65.843054
68.523201
71.038965
73.389264
75.576050
77.602992
79.474436
81.194615
82.767044
84.194034
85.476302
86.031286
85.753547
85.201425
84.382905
83.309512
81.995847
80.459084
78.718494
76.795026
74.710983
72.489787
70.155807
67.734236
65.250963
62.732424
60.205384
57.696646
55.232673
52.839141
50.540454
48.359252
46.315979
44.428540
42.712100
41.179031
39.839019
38.699308
37.765039
37.039659
36.525322
36.223265
35.971992
34.127597
32.560731
31.308265
30.407703
29.895571
29.805058
30.162872
30.985492
32.275281
34.017206
36.177115
38.702400
41.525368
44.568894
47.753212
51.002444
54.249649
57.439796
60.530689
63.492285
66.305034
68.957794
71.445710
73.768316
75.927939
77.928424
79.774150
81.469267
83.017118
84.419772
85.677644
86.004000
85.679728
85.082152
84.219880
83.104989
81.752546
80.180113
78.407267
76.455205
74.346435
72.104546
69.754056
67.320282
64.829219
62.307373
59.781540
57.278494
54.824598
52.445350
50.164889
48.005515
45.987265
44.127595
42.441199
40.939984
39.633208
38.527733
37.628387
36.938372
36.459663
36.193373
35.643984
33.843736
32.327124
31.131210
30.293463
29.850038
29.833271
30.268425
31.169871
32.537248
34.352369
36.577861
39.158272
42.023880
45.096627
48.296976
51.550250
54.791361
57.967424
61.038367
63.976046
66.762477
69.387716
71.847774
74.142756
76.275327
78.249481
80.069608
81.739758
83.263090
84.641421
85.874852
85.968842
85.598174
84.955388
84.049706
82.893743
81.503022
79.895471
78.090969
76.110952
73.978121
71.716234
69.349949
66.904708
64.406604
61.882210
59.358342
56.861734
54.418637
52.054356
49.792752
47.655774
45.663042
43.831556
42.175539
40.706441
39.433093
38.361989
37.497657
36.843061
36.400011
36.169503
35.322984
33.567891
32.102584
30.964284
30.190381
29.816584
29.874286
30.387196
31.367466
32.811918
34.699177
36.988676
39.622228
42.528251
45.627957
48.842215
52.097684
55.331205
58.492053
61.542254
64.455513
67.215348
69.812958
72.245165
74.512602
76.618235
78.566184
80.360827
82.006101
83.504967
84.858978
86.065828
85.925827
85.508916
84.821183
83.872450
82.675855
81.247362
79.605258
77.769707
75.762375
73.606157
71.324968
68.943608
66.487638
63.983244
61.457061
58.935915
56.446489
54.014908
51.666269
49.424145
47.310117
45.343384
43.540484
41.915170
40.478437
39.238700
38.202095
37.372858
36.753733
36.346369
36.151656
35.009158
33.300235
31.887288
30.807664
30.098621
29.795347
29.928198
30.519216
31.578227
33.099154
35.057400
37.409250
40.093904
43.038098
46.162512
49.388594
52.644468
55.868965
59.013526
62.042247
64.930625
67.663620
70.233516
72.637892
74.877871
76.956684
78.878554
80.647826
82.268308
83.742753
85.072439
86.061793
85.874975
85.411994
84.679591
83.688178
82.451405
80.985658
79.309572
77.443584
75.409587
73.230657
70.930868
68.535156
66.069197
63.559269
61.032056
58.514386
56.032881
53.613527
51.281199
49.059165
46.968631
45.028364
43.254440
41.660139
40.256008
39.050055
38.048068
37.254003
36.670394
36.298741
36.139832
34.702674
33.040945
31.681416
30.661526
30.018344
29.786460
29.995092
30.664504
31.802091
33.398798
35.426790
37.839262
40.572932
43.553039
46.699925
49.935791
53.190336
56.404435
59.531698
62.538250
65.401326
68.107268
70.649385
73.025967
75.238580
77.290696
79.186610
80.930621
82.526390
83.976450
85.281795
86.049863
85.816304
85.307445
84.530668
83.496963
82.220476
80.718004
79.008513
77.112709
75.052699
72.851738
70.534054
68.124716
65.649513
63.134804
60.607320
58.093882
55.621034
53.214611
50.899251
48.697908
46.631400
44.718054
42.973480
41.410491
40.039187
38.867181
37.899923
37.141101
36.593050
36.257129
36.134032
34.403700
32.790197
31.485148
30.526045
29.949708
29.790048
30.075043
30.823068
32.038979
33.710680
35.807090
38.278382
41.058938
44.072691
47.239836
50.483489
53.735030
56.937421
60.046431
63.030176
65.867569
68.546273
71.060567
73.409401
75.594750
77.620291
79.490373
81.209226
82.780355
84.206060
85.487040
86.030042
85.749842
85.195313
84.374474
83.298878
81.983153
80.444492
78.702183
76.777189
74.691823
72.469517
70.134647
67.712413
65.228710
62.709978
60.182982
57.674526
55.211067
52.818273
50.520533
48.340469
46.298505
44.412522
42.697661
41.166268
39.828006
38.690100
37.757673
37.034160
36.521704
36.221535
35.954494
34.112406
32.548168
31.298663
30.401392
29.892866
29.806230
30.168117
30.994899
32.288798
34.034614
36.198026
38.726271
41.551547
44.596673
47.781891
51.031384
54.278305
57.467738
60.557598
63.517943
66.329310
68.980619
71.467064
73.788209
75.946400
77.945492
79.789862
81.483658
83.030213
84.431582
85.688164
86.002339
85.675614
85.075644
84.211070
83.093998
81.739521
80.165219
78.390686
76.437132
74.327074
72.084111
69.732769
67.298371
64.806917
62.284918
59.759170
57.256445
54.803101
52.424627
50.145146
47.986941
45.970027
44.111835
42.427035
40.927511
39.622495
38.518832
37.621334
36.933188
36.456362
36.191962
35.626852
33.828964
32.315036
31.122138
30.287738
29.847967
29.835117
30.274367
31.179978
32.551439
34.370398
36.599312
39.182580
42.050377
45.124605
48.325742
51.579177
54.819925
57.995212
61.065078
64.001480
66.786512
69.410294
71.868881
74.162407
76.293551
78.266318
80.085096
81.753930
83.275969
84.653015
85.885154
85.966766
85.593651
84.948485
84.040520
82.882400
81.489670
79.880281
78.074123
76.092647
73.958564
71.695640
69.328541
66.882714
64.384259
61.859752
59.336009
56.839761
54.397255
52.033783
49.773193
47.637413
45.646043
43.816057
42.161653
40.694259
39.422681
38.353397
37.490916
36.838193
36.397027
36.168410
35.306227
33.553547
32.090979
30.955752
30.185250
29.815155
29.876811
30.393837
31.378270
32.826777
34.717815
37.010650
39.646952
42.555047
45.656115
48.871049
52.126584
55.359664
58.519678
61.568762
64.480718
67.239141
69.835290
72.266025
74.532010
76.636223
78.582792
80.376092
82.020055
83.517630
84.870356
86.065812
85.923337
85.503988
84.813888
83.862891
82.664163
81.233689
79.589776
77.752601
75.743846
73.586410
71.304221
68.922085
66.465569
63.960864
61.434608
58.913626
56.424600
53.993647
51.645853
49.404775
47.291975
45.326628
43.525249
41.901565
40.466548
39.228592
38.193813
37.366432
36.749181
36.343703
36.150881
34.992785
33.286329
31.876176
30.799681
30.094092
29.794567
29.931406
30.526558
31.589724
33.114672
35.076634
37.431730
40.119025
43.065174
46.190830
49.417480
52.673326
55.897308
59.040980
62.068547
64.955598
67.687169
70.255599
72.658507
74.897037
76.974437
78.894933
80.662869
82.282044
83.755199
85.083600
86.061361
85.872071
85.406662
84.671907
83.678251
82.439369
80.971669
79.293803
77.426225
75.390838
73.210727
70.909975
68.513525
66.047059
63.536859
61.009613
58.492149
56.011082
53.592394
51.260945
49.039989
46.950711
45.011855
43.239472
41.646818
40.244415
39.040251
38.040096
37.247891
36.666159
36.296393
36.139375
34.686693
33.027486
31.670808
30.654102
30.014426
29.786336
29.998988
30.672548
31.814278
33.414967
35.446607
37.862232
40.598431
43.580373
46.728384
49.964711
53.219138
56.432651
59.558973
62.564336
65.426065
68.130573
70.671221
73.046336
75.257507
77.308215
79.202762
80.945441
82.539907
83.988680
85.292739
86.049013
85.812989
85.301712
84.522599
83.486672
82.208100
80.703703
78.992464
77.095102
75.033736
72.831630
70.513021
68.102984
65.627313
63.112372
60.584896
58.071701
55.599331
53.193611
50.879166
48.678932
46.613707
44.701796
42.958782
41.397455
40.027891
38.857682
37.892261
37.135303
36.589131
36.255099
36.133894
34.388120
32.777193
31.475052
30.519188
29.946409
29.790587
30.079631
30.831812
32.051852
33.727491
35.827475
38.301824
41.084796
44.100263
47.268417
50.512427
53.763764
56.965501
60.073521
63.056044
65.892071
68.569332
71.082155
73.429525
75.613437
77.637578
79.506299
81.223826
82.793655
84.218074
85.497767
86.028776
85.746115
85.189180
84.366023
83.288226
81.970441
80.429884
78.685858
76.759339
74.672653
72.449238
70.113481
67.690586
65.206455
62.687531
60.160582
57.652410
55.189467
52.797412
50.500620
48.321697
46.281044
44.396518
42.683236
41.153519
39.817009
38.680908
37.750324
37.028677
36.518102
36.219823
35.937015
34.097236
32.535630
31.289088
30.395112
29.890194
29.807437
30.173399
31.004344
32.302351
34.052056
36.218965
38.750166
41.577743
44.624463
47.810575
51.060323
54.306957
57.495672
60.584496
63.543590
66.353574
69.003432
71.488405
73.808089
75.964849
77.962547
79.805563
81.498038
83.043296
84.443380
85.698672
86.000657
85.671478
85.069114
84.202240
83.082989
81.726479
80.150309
78.374091
76.419046
74.307702
72.063668
69.711475
67.276455
64.784613
62.262462
59.736801
57.234399
54.781610
52.403911
50.125412
47.968378
45.952801
44.096089
42.412886
40.915052
39.611798
38.509948
37.614297
36.928021
36.453078
36.190567
35.609739
33.814214
32.302972
31.113094
30.282044
29.845930
29.836998
30.280347
31.190122
32.565666
34.388460
36.620790
39.206909
42.076891
45.152594
48.354512
51.608104
54.848483
58.022991
61.091779
64.026901
66.810535
69.432860
71.889975
74.182044
76.311763
78.283143
80.100572
81.768091
83.288836
84.664597
85.895444
85.964669
85.589108
84.941561
84.031314
82.871038
81.476302
79.865075
78.057264
76.074330
73.938997
71.675038
69.307126
66.860717
64.361913
61.837294
59.313678
56.817793
54.375880
52.013219
49.753644
47.619064
45.629056
43.800571
42.147783
40.682092
39.412286
38.344821
37.484192
36.833342
36.394060
36.167333
35.289490
33.539225
32.079400
30.947248
30.180150
29.813761
29.879371
30.400516
31.389110
32.841671
34.736485
37.032650
39.671697
42.581859
45.684282
48.899886
52.155482
55.388117
58.547293
61.595260
64.505911
67.262921
69.857608
72.286873
74.551405
76.654199
78.599388
80.391345
82.033996
83.530280
84.881722
86.065775
85.920825
85.499039
84.806573
83.853313
82.652453
81.219999
79.574278
77.735483
75.725304
73.566654
71.283467
68.900556
66.443496
63.938482
61.412155
58.891340
56.402715
53.972393
51.625446
49.385415
47.273844
45.309885
43.510028
41.887976
40.454675
39.218499
38.185546
37.360021
36.744646
36.341054
36.150122
34.976431
33.272445
31.865091
30.791728
30.089595
29.793822
29.934650
30.533937
31.601258
33.130225
35.095899
37.454236
40.144167
43.092263
46.219155
49.446367
52.702182
55.925644
59.068425
62.094835
64.980559
67.710706
70.277670
72.679108
74.916191
76.992178
78.911301
80.677899
82.295767
83.767634
85.094749
86.060906
85.869145
85.401309
84.664204
83.668305
82.427314
80.957663
79.278020
77.408853
75.372077
73.190787
70.889074
68.491889
66.024918
63.514449
60.987171
58.469913
55.989288
53.571267
51.240700
49.020824
46.932803
44.995359
43.224518
41.633511
40.232837
39.030463
38.032140
37.241795
36.661940
36.294061
36.138935
34.670732
33.014050
31.660226
30.646708
30.010540
29.786247
30.002920
30.680628
31.826502
33.431170
35.466454
37.885227
40.623950
43.607720
46.756850
49.993632
53.247938
56.460861
59.586239
62.590411
65.450792
68.153864
70.693044
73.066692
75.276420
77.325723
79.218902
80.960250
82.553413
84.000899
85.303672
86.047716
85.930742
85.518708
84.835710
83.891508
82.699184
81.274657
79.636177
77.803876
75.799400
73.645620
71.366437
68.986636
66.531764
64.028000
61.501970
86.047716
85.930742
85.518708
84.835710
83.891508
82.699184
81.274657
79.636177
77.803876
75.799400
73.645620
71.366437
68.986636
66.531764
64.028000
61.501970
58.980500
56.490280
54.057449
51.707126
49.462915
47.346437
45.376935
43.570997
41.942424
40.502260
39.258965
38.218710
37.385761
36.762887
36.351752
36.153257
35.041967
33.328118
31.909590
30.823717
30.107775
29.797009
29.921891
30.504642
31.555342
33.068221
35.019025
37.364369
40.043722
42.983990
46.105899
49.330830
52.586744
55.812260
58.958591
61.989614
64.880641
67.616482
70.189309
72.596624
74.839499
76.921140
78.845759
80.617706
82.240804
83.717826
85.050082
86.062593
85.880716
85.422594
84.694896
83.707974
82.475424
81.013588
79.341064
77.478263
75.447052
73.270488
70.972631
68.578401
66.113462
63.604083
61.076943
58.558871
56.076494
53.655815
51.321732
49.097547
47.004506
45.061422
43.284418
41.686827
40.279241
39.069711
38.064062
37.266278
36.678915
36.303489
36.140796
34.734699
33.067936
31.702714
30.676464
30.026277
29.786811
29.987410
30.648529
31.777825
33.366562
35.387247
37.793399
40.521990
43.498411
46.643028
49.877955
53.132721
56.347982
59.477118
62.486043
65.351811
68.060620
70.605674
72.985190
75.200689
77.255620
79.154270
80.900944
82.499321
83.951955
85.259873
86.051496
85.822871
85.318849
84.546745
83.517489
82.245175
80.746557
79.040568
77.147884
75.090591
72.891925
70.576098
68.168166
65.693903
63.179664
60.652173
58.138252
55.664455
53.256633
50.939450
48.735893
46.666822
44.750611
43.002919
41.436608
40.061826
38.886226
37.915294
37.152746
36.600937
36.261241
36.134360
34.434924
32.816278
31.505423
30.539849
29.956404
29.789076
30.065978
30.805690
32.013341
33.677160
35.766407
38.231573
41.007278
44.017584
47.182692
50.425616
53.677551
56.881239
59.992221
62.978403
65.818527
68.500116
71.017351
73.369113
75.557338
77.585681
79.458486
81.179992
82.753720
84.181996
85.465553
86.032509
85.757230
85.207516
84.391316
83.320127
82.008523
80.473660
78.734790
76.812850
74.730131
72.510047
70.176960
67.756054
65.273213
62.754870
60.227787
57.718769
55.254284
52.860017
50.560385
48.378046
46.333465
44.444571
42.726554
41.191810
39.850048
38.708532
37.772422
37.045175
36.528957
36.225011
35.989509
34.142810
32.573319
31.317896
30.414044
29.898309
29.803922
30.157663
30.976121
32.261799
33.999830
36.156233
38.678552
41.499207
44.541126
47.724537
50.973504
54.220988
57.411846
60.503770
63.466614
66.280746
68.934955
71.424342
73.748410
75.909465
77.911344
79.758425
81.454864
83.004011
84.407951
85.667112
86.005638
85.683821
85.088640
84.228671
83.115960
81.765554
80.194991
78.423834
76.473267
74.365786
72.124973
69.775337
67.342189
64.851518
62.329829
59.803913
57.300547
54.846101
52.466081
50.184641
48.024100
46.004516
44.143369
42.455377
40.952474
39.643937
38.536650
37.635457
36.943573
36.462981
36.194802
35.661135
33.858530
32.339238
31.140310
30.299220
29.852142
29.831462
30.262519
31.159802
32.523092
34.334373
36.556439
39.133988
41.997398
45.068659
48.268215
51.521322
54.762793
57.939629
61.011645
63.950601
66.738428
69.365124
71.826654
74.123093
76.257090
78.232632
80.054108
81.725575
83.250201
84.629816
85.864539
85.970895
85.602674
84.962270
84.058873
82.905068
81.516356
79.910647
78.107801
76.129245
73.997668
71.736820
69.371351
66.926697
64.428946
61.904668
59.380677
56.883710
54.440025
52.074937
49.812321
47.674146
45.680054
43.847069
42.189439
40.718638
39.443520
38.370598
37.504413
36.847946
36.403011
36.170613
35.339761
33.582257
32.114214
30.972845
30.195544
29.818046
29.871798
30.380591
31.356699
32.797095
34.680571
36.966730
39.597525
42.501469
45.599808
48.813383
52.068782
55.302741
58.464420
61.515735
64.430296
67.191542
69.790614
72.224291
74.493181
76.600234
78.549565
80.345551
81.992137
83.492294
84.847589
86.057821
85.928296
85.513823
84.828457
83.881988
82.687529
81.261018
79.620725
77.786798
75.780894
73.625893
71.345707
68.965125
66.509703
64.005623
61.479515
58.958206
56.468382
54.036175
51.686694
49.443525
47.328271
45.360153
43.555733
41.928790
40.490341
39.248824
38.210394
37.379302
36.758302
36.349052
36.152448
35.025553
33.314165
31.898426
30.815676
30.103182
29.796161
29.925027
30.511911
31.566766
33.083670
35.038197
37.386796
40.068802
43.011037
46.134201
49.359711
52.615608
55.840616
58.986063
62.015936
64.905639
67.640057
70.211419
72.617265
74.858691
76.938918
78.862163
80.632772
82.254562
83.730295
85.061266
86.062204
85.877856
85.417304
84.687254
83.698086
82.463423
80.999631
79.325325
77.460930
75.428325
73.250577
70.951753
68.556781
66.091332
63.581677
61.054499
58.536627
56.054685
53.634668
51.301461
49.078351
46.986563
45.044887
43.269422
41.673476
40.267617
39.059875
38.056057
37.260132
36.674646
36.301107
36.140306
34.718676
33.054429
31.692052
30.668980
30.022294
29.786618
29.991233
30.656498
31.789939
33.382663
35.407004
37.816318
40.547451
43.525719
46.671473
49.906872
53.161530
56.376212
59.504413
62.512152
65.376575
68.083950
70.627536
73.005585
75.219641
77.273164
79.170446
80.915788
82.512861
83.964208
85.270840
86.050691
85.819599
85.313157
84.538717
83.507236
82.232834
80.732289
79.024548
77.130303
75.071651
72.871836
70.555080
68.146444
65.671710
63.157234
60.629746
58.116065
55.642742
53.235618
50.919346
