36.133415
34.295616
32.700119
31.415384
30.478911
29.927413
29.794532
30.107761
30.884751
32.129402
33.828481
35.949712
38.442181
41.239446
44.265006
47.439054
50.685080
53.935106
57.132871
60.234936
63.210137
66.037992
68.706633
71.210682
73.549320
75.724664
77.740459
79.601066
81.310688
82.872767
84.289516
85.561524
86.020765
85.723431
85.152155
84.315185
83.224279
81.894237
80.342399
78.588164
76.652587
74.558058
72.328071
69.987057
67.560262
65.073620
62.553598
60.026973
57.520539
55.060717
52.673112
50.382016
48.209929
46.177124
44.301318
42.597477
41.077779
39.751728
38.626405
37.706820
36.996313
36.496963
36.209954
35.833133
34.007191
32.461343
31.232543
30.358285
29.874949
29.815376
30.205677
31.061460
32.383952
34.156799
36.344490
38.893209
41.734388
44.790486
47.981810
51.232971
54.477798
57.662161
60.744760
63.696356
66.498067
69.139262
71.615456
73.926430
76.074656
78.064047
79.898987
81.583588
83.121115
84.513534
85.761128
85.990165
85.646353
85.029724
84.149144
83.016918
81.648307
80.061030
78.274790
76.310888
74.191912
71.941524
69.584300
67.145612
64.651494
62.128484
59.603385
57.102957
54.653518
52.280484
50.007882
47.857862
45.850290
44.002430
42.328775
40.841044
39.548310
38.457281
37.572658
36.897539
36.433831
36.182596
35.508053
33.726682
32.231529
31.059728
30.248720
29.834481
29.848963
30.316787
31.251405
32.651280
34.496889
36.749510
39.352526
42.235412
45.319778
48.526236
51.780655
55.018752
58.188547
61.250856
64.178318
66.953590
69.567216
72.015553
74.298935
76.420157
78.383270
80.192660
81.852332
83.365364
84.733462
85.956593
85.951699
85.561553
84.899822
83.975981
82.802867
81.396190
79.774032
77.956391
75.964802
73.822048
71.551954
69.179238
66.729392
64.228550
61.703311
59.180496
56.686820
54.248482
51.890700
49.637218
47.509829
45.527979
43.708473
42.065336
40.609826
39.350599
38.293997
37.444422
36.804745
36.376708
36.161260
35.190052
33.454261
32.010857
30.897117
30.150382
29.806151
29.895394
30.441130
31.454547
32.931256
34.848529
37.164470
39.819775
42.742134
45.852509
49.071994
52.327849
55.557744
58.711866
61.753116
64.655960
67.404529
69.990487
72.410980
74.666853
76.761186
78.698147
80.482101
82.116934
83.605519
84.949296
86.065093
85.905384
85.469066
84.762502
83.795765
82.582208
81.137976
79.481503
77.633070
75.614440
73.448582
71.159481
68.771994
66.311730
63.804916
61.278207
58.758432
56.272249
53.845726
51.503870
49.270125
47.165917
45.210264
43.419509
41.807208
40.384164
39.158622
38.136570
37.322123
36.717937
36.325596
36.145947
34.879295
33.190104
31.799505
30.744886
30.063434
29.790095
29.954759
30.578731
31.670829
33.223732
35.211481
37.589055
40.294589
43.254171
46.388311
49.618757
52.874279
56.094565
59.231967
62.251441
65.129222
67.850858
70.409072
72.801748
75.030201
77.097766
79.008699
80.767329
82.377403
83.841584
85.161030
86.057735
85.851239
85.368930
84.617819
83.608563
82.355022
80.873757
79.183544
77.304935
75.259913
73.071629
70.764224
68.362690
65.892751
63.380719
60.853300
58.337319
55.859367
53.445369
51.120100
48.906700
46.826211
44.897217
43.135598
41.554436
40.164091
38.972402
37.985015
37.205771
36.637119
36.280499
36.136658
34.575950
32.934387
31.597652
30.603211
29.988036
29.786442
30.027138
30.729605
31.900184
33.528547
35.585495
38.022940
40.776600
43.771141
46.926819
50.166202
53.419684
56.629013
59.748709
62.745739
65.598053
68.292555
70.822969
73.187869
75.388998
77.429917
79.314947
81.048359
82.633752
84.073561
85.368658
86.042484
85.789287
85.261185
84.465829
83.414448
82.121392
80.603627
78.880255
76.972092
74.901333
72.691307
70.366305
67.951452
65.472581
62.956087
60.428716
57.917282
55.448296
53.047523
50.739499
48.547038
46.490795
44.588910
42.856794
41.307066
39.949640
38.791963
37.839349
37.095376
36.562298
36.241419
36.133393
34.280186
32.687286
31.405478
30.472265
29.924345
29.795315
30.112603
30.893753
32.142525
33.845525
35.970304
38.465792
41.265430
44.292661
47.467675
50.714020
53.963811
57.160898
60.261956
63.235925
66.062407
68.729601
71.232179
73.569355
75.743263
77.757660
79.616909
81.325207
82.885988
84.301451
85.572170
86.019346
85.719553
85.145876
84.306594
83.213495
81.881404
80.327679
78.571739
76.634650
74.538813
72.307731
69.965843
67.538402
65.051346
62.531147
60.004584
57.498448
55.039157
52.652304
50.362169
48.191233
46.159749
44.285408
42.583154
41.065138
39.740841
38.617326
37.699585
36.990946
36.493478
36.208358
35.815787
33.992175
32.448978
31.223162
30.352220
29.872510
29.816830
30.211215
31.071162
32.397754
34.174470
36.365630
38.917266
41.760704
44.818351
48.010528
51.261908
54.506417
57.690039
60.771586
63.721920
66.522242
69.161983
71.636706
73.946221
76.093018
78.081018
79.914605
81.597887
83.134119
84.525253
85.771556
85.988330
85.642067
85.023049
84.140175
83.005778
81.635144
80.046010
78.258097
76.292716
74.172468
71.921021
69.562961
67.123665
64.629173
62.106027
59.581030
57.080940
54.632068
52.259824
49.988215
47.839378
45.833152
43.986779
42.314728
40.828692
39.537724
38.448510
37.565736
36.892488
36.430663
36.181318
35.491078
33.712088
32.219643
31.050882
30.243244
29.832680
29.851094
30.323024
31.261806
32.665754
34.515176
36.771183
39.377011
42.262038
45.347834
48.555032
51.809573
55.047272
58.216267
61.277482
64.203656
66.977523
69.589690
72.036556
74.318483
76.438281
78.400010
80.208054
81.866412
83.378151
84.744964
85.966803
85.949449
85.556860
84.892754
83.966638
82.791377
81.382703
79.758718
77.939435
75.946402
73.802411
71.531295
69.157781
66.707366
64.206190
61.680854
59.158181
56.664882
54.227150
51.870193
49.617738
47.491560
45.511081
43.693084
42.051569
40.597768
39.340315
38.285535
37.437813
36.800010
36.373857
36.160300
35.173455
33.440100
31.999458
30.888815
30.145503
29.804995
29.898206
30.448066
31.465643
32.946393
34.867420
37.186659
39.844669
42.769050
45.880737
49.100852
52.356733
55.586155
58.739420
61.779537
64.681067
67.428220
70.012714
72.431737
74.686159
76.779075
78.714658
80.497272
82.130795
83.618090
84.960582
86.064902
85.902720
85.463968
84.755044
83.786051
82.570371
81.124170
79.465900
77.615858
75.595817
73.428757
71.138672
68.750425
66.289632
63.782523
61.255757
58.736164
56.250397
53.824518
51.483521
49.250836
47.147868
45.193611
43.404386
41.793722
40.372400
39.148642
38.128417
37.315828
36.713518
36.323063
36.145305
34.863085
33.176385
31.788604
30.737137
30.059161
29.789591
29.958255
30.586368
31.682618
33.239525
35.230963
37.611743
40.319873
43.281358
46.416691
49.647659
52.903116
56.122856
59.259347
62.277652
65.154097
67.874305
70.431052
72.822260
75.049266
77.115420
79.024983
80.782278
82.391047
83.853939
85.172100
86.057127
85.848162
85.363429
84.609973
83.598482
82.342842
80.859636
79.167657
77.287471
75.241073
73.051624
70.743272
68.341016
65.870586
63.358300
60.830864
58.315104
55.837608
53.424290
51.099917
48.887607
46.808386
44.880813
43.120743
41.541235
40.152623
38.962727
37.977174
37.199791
36.633017
36.278284
36.136334
34.560136
32.921118
31.587258
30.596025
29.984378
29.786597
30.031324
30.737944
31.912660
33.544988
35.605553
38.046110
40.802253
43.798577
46.955332
50.195132
53.448459
56.657173
59.775907
62.771734
65.622693
68.315756
70.844701
73.208135
75.407823
77.447338
79.331003
81.063087
82.647178
84.085700
85.379510
86.041459
85.785798
85.255283
84.457599
83.404004
82.108874
80.589196
78.864089
76.954383
74.882282
72.671126
70.345215
67.929679
65.450357
62.933648
60.406301
57.895128
55.426636
53.026581
50.719485
48.528147
46.473199
44.572758
42.842211
41.294150
39.938469
38.782593
37.831819
37.089711
36.558513
36.239522
36.129732
34.264778
32.674477
31.395600
30.465650
29.921309
29.796135
30.117483
30.902793
32.155685
33.862602
35.990924
38.489426
41.291433
44.320327
47.496302
50.742961
53.992511
57.188917
60.288966
63.261700
66.086809
68.752557
71.253663
73.589376
75.761850
77.774850
79.632740
81.339714
82.899197
84.313374
85.582805
86.017904
85.715654
85.139576
84.297982
83.202692
81.868552
80.312944
78.555299
76.616700
74.519558
72.287382
69.944622
67.516536
65.029069
62.508695
59.982196
57.476361
55.017602
52.631504
50.342332
48.172549
46.142386
44.269512
42.568845
41.052511
39.729970
38.608263
37.692367
36.985596
36.490010
36.206779
35.798462
33.977181
32.436639
31.213810
30.346185
29.870105
29.818320
30.216791
31.080901
32.411591
34.192174
36.386798
38.941346
41.787036
44.846227
48.039250
51.290844
54.535031
57.717909
60.798402
63.747473
66.546404
69.184692
71.657943
73.965999
76.111367
78.097976
79.930211
81.612174
83.147111
84.536960
85.781972
85.986472
85.637759
85.016353
84.131186
82.994620
81.621964
80.030975
78.241390
76.274532
74.153013
71.900510
69.541616
67.101714
64.606850
62.083569
59.558676
57.058926
54.610625
52.239171
49.968559
47.820904
45.816026
43.971142
42.300696
40.816356
39.527153
38.439755
37.558830
36.887454
36.427513
36.180057
35.474122
33.697518
32.207782
31.042064
30.237798
29.830912
29.853260
30.329297
31.272243
32.680262
34.533495
36.792883
39.401518
42.288679
45.375900
48.583833
51.838489
55.075788
58.243978
61.304098
64.228982
67.001444
69.612152
72.057546
74.338019
76.456394
78.416738
80.223436
81.880480
83.390927
84.756456
85.977000
85.947177
85.552146
84.885665
83.957275
82.779868
81.369199
79.743388
77.922466
75.927990
73.782763
71.510628
69.136318
66.685336
64.183828
61.658397
59.135868
56.642948
54.205825
51.849694
49.598268
47.473302
45.494197
43.677710
42.037816
40.585724
39.330047
38.277089
37.431221
36.795292
36.371024
36.159357
35.156878
33.425962
31.988086
30.880542
30.140656
29.803873
29.901053
30.455039
31.476775
32.961565
34.886342
37.208874
39.869584
42.795981
45.908973
49.129713
52.385615
55.614560
58.766965
61.805947
64.706163
67.451898
70.034928
72.452481
74.705453
76.796952
78.731158
80.512432
82.144645
83.630650
84.971857
86.064688
85.900034
85.458848
84.747565
83.776317
82.558515
81.110346
79.450282
77.598632
75.577182
73.408923
71.117855
68.728850
66.267529
63.760128
61.233308
58.713898
56.228550
53.803317
51.463181
49.231557
47.129830
45.176972
43.389277
41.780251
40.360651
39.138677
38.120282
37.309550
36.709116
36.320548
36.144681
34.846896
33.162689
31.777729
30.729418
30.054921
29.789121
29.961789
30.594042
31.694442
33.255353
35.250474
37.634457
40.345176
43.308558
46.445078
49.676562
52.931949
56.151140
59.286717
62.303851
65.178960
67.897738
70.453018
72.842758
75.068319
77.133063
79.041254
80.797215
82.404679
83.866283
85.183158
86.056497
85.845063
85.357906
84.602106
83.588382
82.330644
80.845498
79.151755
77.269994
75.222222
73.031609
70.722312
68.319336
65.848418
63.335879
60.808429
58.292893
55.815854
53.403219
51.079742
48.868525
46.790573
44.864423
43.105902
41.528048
40.141170
38.953067
37.969349
37.193828
36.628932
36.276086
36.136028
34.544344
32.907873
31.576891
30.588868
29.980752
29.786786
30.035547
30.746319
31.925173
33.561462
35.625641
38.069305
40.827924
43.826026
46.983851
50.224062
53.477231
56.685326
59.803096
62.797718
65.647320
68.338945
70.866420
73.228388
75.426636
77.464747
79.347048
81.077803
82.660592
84.097828
85.390352
86.040412
85.782287
85.249360
84.449349
83.393541
82.096338
80.574749
78.847909
76.936660
74.863220
72.650937
70.324118
67.907900
65.428129
62.911208
60.383887
57.872978
55.404981
53.005646
50.699481
48.509267
46.455615
44.556619
42.827642
41.281250
39.927315
38.773240
37.824305
37.084062
36.554744
36.237642
36.112063
34.249391
32.661692
31.385750
30.459066
29.918306
29.796989
30.122399
30.911869
32.168881
33.879713
36.011574
38.513084
41.317454
44.348005
47.524934
50.771901
54.021208
57.216929
60.315967
63.287465
66.111198
68.775499
71.275135
73.609385
75.780424
77.792027
79.648559
81.354210
82.912394
84.325286
85.593428
86.016441
85.711733
85.133255
84.289351
83.191870
81.855683
80.298192
78.538846
76.598738
74.500291
72.267025
69.923395
67.494666
65.006790
62.486243
59.959810
57.454277
54.996053
52.610711
50.322503
48.153875
46.125035
44.253630
42.554550
41.039900
39.719115
38.599217
37.685165
36.980263
36.486559
36.205217
35.781155
33.962209
32.424324
31.204485
30.340182
29.867733
29.819846
30.222403
31.090677
32.425464
34.209911
36.407995
38.965449
41.813385
44.874113
48.067977
51.319779
54.563640
57.745771
60.825207
63.773014
66.570554
69.207388
71.679167
73.985764
76.129703
78.114922
79.945806
81.626450
83.160092
84.548656
85.792377
85.984593
85.633430
85.009636
84.122178
82.983443
81.608767
80.015925
78.224669
76.256336
74.133548
71.879991
69.520264
67.079758
64.584525
62.061111
59.536324
57.036916
54.589188
52.218526
49.948912
47.802442
45.798913
43.955519
42.286679
40.804036
39.516599
38.431017
37.551942
36.882436
36.424379
36.178813
35.457186
33.682970
32.195947
31.033275
30.232385
29.829179
29.855462
30.335607
31.282717
32.694806
34.551847
36.814611
39.426048
42.315337
45.403975
48.612637
51.867404
55.104297
58.271681
61.330703
64.254295
67.025352
69.634600
72.078524
74.357541
76.474494
78.433455
80.238806
81.894537
83.403692
84.767936
85.987186
85.944883
85.547409
84.878556
83.947893
82.768340
81.355677
79.728044
77.905483
75.909566
73.763106
71.489953
69.114848
66.663302
64.161464
61.635941
59.113557
56.621019
54.184506
51.829203
49.578807
47.455056
45.477325
43.662349
42.024078
40.573696
39.319795
38.268660
37.424646
36.790590
36.368207
36.158431
35.140322
33.411847
31.976740
30.872298
30.135841
29.802785
29.903937
30.462050
31.487944
32.976772
34.905295
37.231116
39.894519
42.822927
45.937218
49.158576
52.414495
55.642959
58.794500
61.832346
64.731247
67.475563
70.057129
72.473212
74.724733
76.814817
78.747645
80.527579
82.158483
83.643198
84.983121
86.064453
85.897326
85.453708
84.740065
83.766564
82.546641
81.096506
79.434648
77.581392
75.558536
73.389079
71.097031
68.707269
66.245423
63.737732
61.210860
58.691635
56.206707
53.782123
51.442850
49.212289
47.111804
45.160345
43.374182
41.766795
40.348918
39.128729
38.112162
37.303289
36.704731
36.318049
36.144073
34.830728
33.149016
31.766881
30.721728
30.050712
29.788686
29.965358
30.601754
31.706303
33.271215
35.270017
37.657197
40.370499
43.335772
46.473473
49.705468
52.960780
56.179417
59.314078
62.330039
65.203810
67.921159
70.474971
72.863243
75.087359
77.150693
79.057514
80.812141
82.418299
83.878615
85.194205
86.055845
85.841942
85.352363
84.594220
83.578262
82.318428
80.831344
79.135838
77.252504
75.203359
73.011585
70.701344
68.297651
65.826247
63.313457
60.785995
58.270684
55.794105
53.382155
51.059576
48.849454
46.772773
44.848045
43.091076
41.514876
40.129733
38.943424
37.961540
37.187881
36.624863
36.273905
36.135739
34.528573
32.894652
31.566550
30.581742
29.977159
29.787010
30.039807
30.754732
31.937722
33.577970
35.645759
38.092526
40.853615
43.853488
47.012376
50.252993
53.505998
56.713471
59.830274
62.823691
65.671935
68.362120
70.888125
73.248628
75.445437
77.482144
79.363081
81.092507
82.673995
84.109945
85.401181
86.039343
85.778755
85.243416
84.441078
83.383059
82.083785
80.560285
78.831713
76.918925
74.844147
72.630739
70.303014
67.886117
65.405899
62.888768
60.361474
57.850830
55.383332
52.984718
50.679486
48.490397
46.438043
44.540494
42.813087
41.268365
39.916176
38.763903
37.816808
37.078430
36.550993
36.235779
36.094414
34.234026
32.648933
31.375927
30.452512
29.915336
29.797879
30.127351
30.920982
32.182113
33.896857
36.032254
38.536767
41.343492
44.375694
47.553572
50.800842
54.049900
57.244933
60.342957
63.313217
66.135575
68.798428
71.296593
73.629381
75.798986
77.809192
79.664366
81.368693
82.925580
84.337187
85.604040
86.014956
85.707791
85.126912
84.280700
83.181029
81.842797
80.283425
78.522378
76.580763
74.481014
72.246659
69.902161
67.472791
64.984507
62.463790
59.937425
57.432197
54.974509
52.589926
50.302685
48.135212
46.107697
44.237761
42.540270
41.027304
39.708275
38.590186
37.677980
36.974946
36.483124
36.203672
35.763868
33.947259
32.412035
31.195189
30.334209
29.865395
29.821407
30.228052
31.100490
32.439373
34.227680
36.429220
38.989575
41.839751
44.902010
48.096709
51.348713
54.592244
57.773624
60.852002
63.798542
66.594691
69.230070
71.700378
74.005516
76.148027
78.131856
79.961388
81.640714
83.173061
84.560341
85.802771
85.982692
85.629079
85.002899
84.113149
82.972248
81.595552
80.000858
78.207934
76.238128
74.114073
71.859463
69.498906
67.057799
64.562198
62.038654
59.513974
57.014911
54.567757
52.197890
49.929275
47.783991
45.781813
43.939909
42.272676
40.791731
39.506061
38.422295
37.545070
36.877435
36.421261
36.177586
36.133415
34.295616
32.700119
31.415384
30.478911
29.927413
29.794532
30.107761
30.884751
32.129402
33.828481
35.949712
38.442181
41.239446
44.265006
47.439054
36.133415
34.295616
32.700119
31.415384
30.478911
29.927413
29.794532
30.107761
30.884751
32.129402
33.828481
35.949712
38.442181
41.239446
44.265006
47.439054
50.685080
53.935106
57.132871
60.234936
63.210137
66.037992
68.706633
71.210682
73.549320
75.724664
77.740459
79.601066
81.310688
82.872767
84.289516
85.561524
86.020765
85.723431
85.152155
84.315185
83.224279
81.894237
80.342399
78.588164
76.652587
74.558058
72.328071
69.987057
67.560262
65.073620
62.553598
60.026973
57.520539
55.060717
52.673112
50.382016
48.209929
46.177124
44.301318
42.597477
41.077779
39.751728
38.626405
37.706820
36.996313
36.496963
36.209954
35.833133
34.007191
32.461343
31.232543
30.358285
29.874949
29.815376
30.205677
31.061460
32.383952
34.156799
36.344490
38.893209
41.734388
44.790486
47.981810
51.232971
54.477798
57.662161
60.744760
63.696356
66.498067
69.139262
71.615456
73.926430
76.074656
78.064047
79.898987
81.583588
83.121115
84.513534
85.761128
85.990165
85.646353
85.029724
84.149144
83.016918
81.648307
80.061030
78.274790
76.310888
74.191912
71.941524
69.584300
67.145612
64.651494
62.128484
59.603385
57.102957
54.653518
52.280484
50.007882
47.857862
45.850290
44.002430
42.328775
40.841044
39.548310
38.457281
37.572658
36.897539
36.433831
36.182596
35.508053
33.726682
32.231529
31.059728
30.248720
29.834481
29.848963
30.316787
31.251405
32.651280
34.496889
36.749510
39.352526
42.235412
45.319778
48.526236
51.780655
55.018752
58.188547
61.250856
64.178318
66.953590
69.567216
72.015553
74.298935
76.420157
78.383270
80.192660
81.852332
83.365364
84.733462
85.956593
85.951699
85.561553
84.899822
83.975981
82.802867
81.396190
79.774032
77.956391
75.964802
73.822048
71.551954
69.179238
66.729392
64.228550
61.703311
59.180496
56.686820
54.248482
51.890700
49.637218
47.509829
45.527979
43.708473
42.065336
40.609826
39.350599
38.293997
37.444422
36.804745
36.376708
36.161260
35.190052
33.454261
32.010857
30.897117
30.150382
29.806151
29.895394
30.441130
31.454547
32.931256
34.848529
37.164470
39.819775
42.742134
45.852509
49.071994
52.327849
55.557744
58.711866
61.753116
64.655960
67.404529
69.990487
72.410980
74.666853
76.761186
78.698147
80.482101
82.116934
83.605519
84.949296
86.065093
85.905384
85.469066
84.762502
83.795765
82.582208
81.137976
79.481503
77.633070
75.614440
73.448582
71.159481
68.771994
66.311730
63.804916
61.278207
58.758432
56.272249
53.845726
51.503870
49.270125
47.165917
45.210264
43.419509
41.807208
40.384164
39.158622
38.136570
37.322123
36.717937
36.325596
36.145947
34.879295
33.190104
31.799505
30.744886
30.063434
29.790095
29.954759
30.578731
31.670829
33.223732
35.211481
37.589055
40.294589
43.254171
46.388311
49.618757
52.874279
56.094565
59.231967
62.251441
65.129222
67.850858
70.409072
72.801748
75.030201
77.097766
79.008699
80.767329
82.377403
83.841584
85.161030
86.057735
85.851239
85.368930
84.617819
83.608563
82.355022
80.873757
79.183544
77.304935
75.259913
73.071629
70.764224
68.362690
65.892751
63.380719
60.853300
58.337319
55.859367
53.445369
51.120100
48.906700
46.826211
44.897217
43.135598
41.554436
40.164091
38.972402
37.985015
37.205771
36.637119
36.280499
36.136658
34.575950
32.934387
31.597652
30.603211
29.988036
29.786442
30.027138
30.729605
31.900184
33.528547
35.585495
38.022940
40.776600
43.771141
46.926819
50.166202
53.419684
56.629013
59.748709
62.745739
65.598053
68.292555
70.822969
73.187869
75.388998
77.429917
79.314947
81.048359
82.633752
84.073561
85.368658
86.042484
85.789287
85.261185
84.465829
83.414448
82.121392
80.603627
78.880255
76.972092
74.901333
72.691307
70.366305
67.951452
65.472581
62.956087
60.428716
57.917282
55.448296
53.047523
50.739499
48.547038
46.490795
44.588910
42.856794
41.307066
39.949640
38.791963
37.839349
37.095376
36.562298
36.241419
36.133393
34.280186
32.687286
31.405478
30.472265
29.924345
29.795315
30.112603
30.893753
32.142525
33.845525
35.970304
38.465792
41.265430
44.292661
47.467675
50.714020
53.963811
57.160898
60.261956
63.235925
66.062407
68.729601
71.232179
73.569355
75.743263
77.757660
79.616909
81.325207
82.885988
84.301451
85.572170
86.019346
85.719553
85.145876
84.306594
83.213495
81.881404
80.327679
78.571739
76.634650
74.538813
72.307731
69.965843
67.538402
65.051346
62.531147
60.004584
57.498448
55.039157
52.652304
50.362169
48.191233
46.159749
44.285408
42.583154
41.065138
39.740841
38.617326
37.699585
36.990946
36.493478
36.208358
35.815787
33.992175
32.448978
31.223162
30.352220
29.872510
29.816830
30.211215
31.071162
32.397754
34.174470
36.365630
38.917266
41.760704
44.818351
48.010528
51.261908
54.506417
57.690039
60.771586
63.721920
66.522242
69.161983
71.636706
73.946221
76.093018
78.081018
79.914605
81.597887
83.134119
84.525253
85.771556
85.988330
85.642067
85.023049
84.140175
83.005778
81.635144
80.046010
78.258097
76.292716
74.172468
71.921021
69.562961
67.123665
64.629173
62.106027
59.581030
57.080940
54.632068
52.259824
49.988215
47.839378
45.833152
43.986779
42.314728
40.828692
39.537724
38.448510
37.565736
36.892488
36.430663
36.181318
35.491078
33.712088
32.219643
31.050882
30.243244
29.832680
29.851094
30.323024
31.261806
32.665754
34.515176
36.771183
39.377011
42.262038
45.347834
48.555032
51.809573
55.047272
58.216267
61.277482
