86.065793
84.877023
83.525050
82.028232
80.385038
78.592526
76.646766
74.543385
72.278252
69.848379
67.253088
64.495493
61.584302
58.535873
55.376350
52.143531
48.887959
45.672631
42.570769
39.661461
37.023548
34.728760
32.835507
31.384622
30.397749
29.878308
29.814333
30.182255
30.950762
32.084185
33.545145
35.296409
36.167776
36.395285
36.835346
37.486971
38.348366
39.416583
40.687122
42.153518
43.806974
45.636080
47.626651
49.761728
52.021723
54.384719
56.826878
59.322913
61.846582
64.371155
66.869815
69.315983
71.683559
73.947091
76.081907
78.064238
79.871365
81.481833
82.875739
84.035124
84.944427
85.590989
85.965539
85.891190
84.659809
83.283516
81.762236
80.094173
78.276186
76.304232
74.173924
71.881253
69.423529
66.800601
64.016389
61.080738
58.011503
54.836673
51.596141
48.342613
45.141017
42.065924
39.196844
36.611904
34.380986
32.559778
31.185922
30.277869
29.836215
29.846769
30.284395
31.116831
32.307958
33.820311
35.616814
36.191142
36.454434
36.930156
37.617205
38.513620
39.616220
40.920203
42.418736
44.102599
45.959924
47.976054
50.133573
52.412478
54.790498
57.243516
59.746052
62.271749
64.793837
67.285520
69.720283
72.072124
74.315715
76.426527
78.380956
80.156478
81.731875
83.087544
84.205894
85.071817
85.673191
86.001356
85.694328
84.438502
83.037886
81.492092
79.799071
77.955495
75.957221
73.799869
71.479580
68.993999
66.343541
63.532985
60.573373
57.484120
54.295108
51.048355
47.798712
44.612968
41.566907
38.740281
36.210302
34.044839
32.296742
31.000434
30.171210
29.806933
29.891295
30.397706
31.293044
32.540812
34.103507
35.944241
36.220529
36.519590
37.030942
37.753362
38.684707
39.821555
41.158790
42.689200
44.403136
46.288264
48.329459
50.508854
52.806039
55.198400
57.661556
60.169846
62.696814
65.215660
67.699614
70.122236
72.457626
74.680583
76.766723
78.692612
80.435928
81.975700
83.292634
84.369520
85.191719
85.747659
86.029302
85.493332
84.213106
82.788156
81.217790
79.499714
77.630430
75.605710
73.421204
71.073229
68.559797
65.881939
63.045347
60.062319
56.953889
53.751881
50.500459
47.256596
44.088858
41.074100
38.292126
35.819041
33.720534
32.046524
30.828191
30.077729
29.790359
29.947769
30.522020
31.479224
32.782569
34.394561
36.133949
36.255936
36.590750
37.137699
37.895428
38.861609
40.032561
41.402844
42.964859
44.708518
46.621023
48.686778
50.887472
53.202295
55.608306
58.080874
60.594170
63.121650
65.636494
68.111973
70.521721
72.839948
75.041580
77.102386
78.999103
80.709619
82.213220
83.490931
84.525939
85.304085
85.814363
86.049367
85.288215
83.983623
82.534318
80.939313
79.196084
77.300971
75.249681
73.037913
70.662192
68.120936
65.415835
62.553549
59.547694
56.420983
53.207227
49.952750
46.716613
43.569067
40.587883
37.852729
35.438408
33.408276
31.809233
30.669217
29.997372
29.786383
30.016042
30.657169
31.675192
33.033049
34.693300
36.139562
36.297362
36.667908
37.250417
38.043391
39.044303
40.249208
41.652325
43.245660
45.018681
46.958121
49.047918
51.269320
53.601133
56.020097
58.501345
61.018895
63.546128
66.056216
68.522472
70.918617
73.218971
75.398594
77.433406
79.300327
80.977457
82.444349
83.682359
84.675088
85.408870
85.873274
86.061542
85.078985
83.750053
82.276364
80.656649
78.888161
76.967097
74.889112
72.649983
70.246468
67.677431
64.945271
62.057671
59.029627
55.885587
52.661392
49.405533
46.179117
43.053974
40.108633
37.422430
35.068675
33.108250
31.584965
30.523517
29.930075
29.794885
30.095961
30.802979
31.880769
33.292077
34.999554
36.151199
36.344804
36.751062
37.369088
38.197236
39.232770
40.471463
41.907190
43.531548
45.333556
47.299477
49.412785
51.654296
54.002439
56.433652
58.922844
61.443894
63.970120
66.474696
68.930987
71.312802
73.594578
75.751510
77.759677
79.596181
81.239346
82.669001
83.866847
84.816908
85.506029
85.924370
86.065822
84.865652
83.512394
82.014285
80.369780
78.575925
76.628785
74.523985
72.257400
69.826055
67.229302
64.470295
61.557801
58.508254
55.347895
52.114632
48.859123
45.644468
42.543963
39.636724
37.001559
34.710103
32.820628
31.373797
30.391086
29.875762
29.815742
30.187368
30.959277
32.095775
33.559476
35.313155
36.168860
36.398259
36.840204
37.493702
38.356949
39.426985
40.699295
42.167394
43.822465
45.653072
47.645005
49.781281
52.042291
54.406098
56.848848
59.345245
61.869040
64.393501
66.891811
69.337395
71.704158
73.966654
76.100219
78.081092
79.886565
81.495194
82.887094
84.044322
84.951342
85.595524
85.967627
85.880895
84.648221
83.270644
81.748070
80.078692
78.259356
76.286015
74.154281
71.860153
69.400958
66.776573
63.990962
61.054033
57.983721
54.808112
51.567214
48.313845
45.113033
42.039417
39.172524
36.590437
34.362938
32.545566
31.175794
30.271905
29.834349
29.848819
30.290102
31.125886
32.320032
33.835070
35.633935
36.192544
36.457725
36.935330
37.624249
38.522511
39.626924
40.932668
42.432891
44.118352
45.977155
47.994621
50.153310
52.433196
54.811991
57.265563
59.768421
62.294205
64.816141
67.307434
69.741574
72.092564
74.335082
76.444608
78.397545
80.171381
81.744910
83.098546
84.214716
85.078338
85.677318
86.003029
85.683814
84.426699
83.024798
81.477708
79.783365
77.938435
75.938766
73.779983
71.458234
68.971181
66.319272
63.507333
60.546470
57.456183
54.266454
51.019415
47.770029
44.585182
41.540718
38.716396
36.189374
34.027411
32.283203
30.991004
30.165943
29.805741
29.893981
30.403998
31.302631
32.553361
34.118686
35.961728
36.222249
36.523198
37.036432
37.760718
38.693906
39.832559
41.171544
42.703631
44.419145
46.305730
48.348236
50.528770
52.826903
55.220002
57.683674
60.192247
62.719261
65.237914
67.721439
70.143399
72.477901
74.699749
76.784567
78.708931
80.450529
81.988405
83.303278
84.377963
85.197843
85.751377
86.030559
85.482601
84.201087
82.774851
81.203185
79.483783
77.613138
75.587018
73.401074
71.051635
68.536733
65.857432
63.019474
60.035224
56.925806
53.723146
50.471522
47.228017
44.061291
41.048250
38.268695
35.798667
33.703738
32.033666
30.819462
30.073157
29.789835
29.951082
30.528890
31.489332
32.795582
34.410149
36.134095
36.257974
36.594675
37.143503
37.903096
38.871114
40.043864
41.415887
42.979563
44.724782
46.638721
48.705759
50.907561
53.223298
55.630011
58.103056
60.616595
63.144081
65.658693
68.133703
70.542751
72.860051
75.060538
77.119987
79.015146
80.723914
82.225589
83.501214
84.533999
85.309810
85.817669
86.050208
85.277266
83.971388
82.520796
80.924488
79.179927
77.283447
75.230749
73.017539
70.640350
68.097626
65.391091
62.527458
59.520415
56.392763
53.178423
49.923831
46.688157
43.541739
40.562391
37.829770
35.418603
33.392121
31.797061
30.661189
29.993492
29.786521
30.019974
30.664606
31.685812
33.046519
34.709290
36.140026
36.299717
36.672151
37.256536
38.051370
39.054114
40.260807
41.665653
43.260634
45.035196
46.976046
49.067098
51.289578
53.622270
56.041898
58.523584
61.041338
63.568536
66.078352
68.544100
70.939506
73.238897
75.417338
77.450760
79.316089
80.991439
82.456378
83.692278
84.682762
85.414193
85.876169
86.061966
85.067819
83.737602
82.262625
80.641602
78.871776
76.949338
74.869940
72.629363
70.224379
67.653876
64.920293
62.031367
59.002169
55.857241
52.632532
49.376648
46.150802
43.026905
40.083520
37.399960
35.049454
33.092746
31.573482
30.516190
29.926882
29.795679
30.100503
30.810974
31.891891
33.305994
35.015936
36.151981
36.347477
36.755621
37.375521
38.205526
39.242885
40.483358
41.920801
43.546789
45.350318
47.317624
49.432159
51.674715
54.023703
56.455543
58.945134
61.466348
63.992500
66.496764
68.952507
71.333546
73.614321
75.770036
77.776777
79.611657
81.253012
82.680685
83.876397
84.824194
85.510948
85.926851
86.063742
84.854270
83.499727
82.000327
80.354511
78.559312
76.610791
74.504572
72.236534
69.803719
67.205504
64.445085
61.531288
58.480625
55.319434
52.085731
48.830290
45.616314
42.517173
39.612009
36.979596
34.691479
32.805783
31.363009
30.384460
29.873253
29.817184
30.192512
30.967821
32.107391
33.573830
35.329920
36.169960
36.401250
36.845079
37.500449
38.365547
39.437403
40.711483
42.181286
43.837970
45.670076
47.663371
49.800845
52.062867
54.427482
56.870822
59.367579
61.891498
64.415844
66.913803
69.358801
71.724749
73.986207
76.118519
78.097932
79.901749
81.508538
82.898429
84.053500
84.958237
85.600038
85.969694
85.870589
84.636623
83.257761
81.733894
80.063199
78.242514
76.267786
74.134626
71.839041
69.378374
66.752532
63.965524
61.027317
57.955930
54.779547
51.538286
48.285081
45.085059
42.012926
39.148226
36.568998
34.344922
32.531389
31.165702
30.265978
29.832519
29.850904
30.295840
31.134970
32.332131
33.849852
35.651075
36.193962
36.461033
36.940521
37.631309
38.531418
39.637643
40.945148
42.447061
44.134117
45.994399
48.013200
50.173057
52.453923
54.833490
57.287614
59.790793
62.316660
64.838442
67.329343
69.762858
72.112995
74.354439
76.462677
78.414120
80.186268
81.757928
83.109529
84.223518
85.084838
85.681424
86.004680
85.673290
84.414884
83.011699
81.463312
79.767648
77.921362
75.920300
73.760085
71.436874
68.948350
66.294991
63.481669
60.519557
57.428238
54.237796
50.990475
47.741352
44.557408
41.514547
38.692534
36.168475
34.010016
32.269701
30.981612
30.160713
29.804584
29.896699
30.410322
31.312245
32.565934
34.133886
35.979234
36.223985
36.526824
37.041938
37.768091
38.703121
39.843579
41.184314
42.718076
44.435169
46.323209
48.367024
50.548696
52.847774
55.241610
57.705795
60.214649
62.741707
65.260166
67.743260
70.164556
72.498167
74.718904
76.802399
78.725236
80.465114
82.001091
83.313904
84.386386
85.203947
85.755073
86.031795
85.471858
84.189057
82.761535
81.188569
79.467841
77.595834
75.568313
73.380932
71.030028
68.513655
65.832912
62.993588
60.008120
56.897715
53.694406
50.442585
47.199445
44.033737
41.022418
38.245288
35.778324
33.686975
32.020844
30.810770
30.068621
29.789346
29.954427
30.535789
31.499467
32.808620
34.425760
36.134257
36.260028
36.598617
37.149325
37.910780
38.880635
40.055182
41.428944
42.994281
44.741060
46.656430
48.724751
50.927659
53.244309
55.651721
58.125241
60.639021
63.166511
65.680889
68.155428
70.563774
72.880146
75.079485
77.137576
79.031175
80.738192
82.237940
83.511479
84.542039
85.315514
85.820955
86.051026
85.266306
83.959142
82.507262
80.909651
79.163758
77.265909
75.211805
72.997151
70.618496
68.074303
65.366334
62.501356
59.493125
56.364537
53.149616
49.894913
46.659708
43.514424
40.536919
37.806836
35.398829
33.376000
31.784925
30.653198
29.989647
29.786694
30.023938
30.672072
31.696458
33.060012
34.725301
36.140507
36.302090
36.676410
37.262672
38.059366
39.063941
40.272422
41.678996
43.275622
45.051724
46.993982
49.086289
51.309844
53.643413
56.063704
58.545826
61.063781
63.590944
66.100485
68.565723
70.960389
73.258813
75.436071
77.468100
79.331836
81.005405
82.468389
83.702178
84.690417
85.419494
85.879042
86.062367
85.056642
83.725140
82.248873
80.626543
78.855380
76.931567
74.850755
72.608730
70.202276
67.630309
64.895302
62.005052
58.974702
55.828889
52.603671
49.347766
46.122495
42.999850
40.058427
37.377517
35.030264
33.077276
31.562037
30.508900
29.923726
29.796507
30.105077
30.818998
31.903040
33.319933
35.032339
36.152780
36.350167
36.760196
37.381971
38.213832
39.253016
40.495269
41.934427
43.562044
45.367092
47.335783
49.451543
51.695143
54.044973
56.477438
58.967426
61.488802
64.014878
66.518827
68.974022
71.354281
73.634053
75.788549
77.793863
79.627117
81.266661
82.692352
83.885928
84.831459
85.515846
85.929310
86.053643
84.842876
83.487049
81.986358
80.339229
78.542688
76.592786
74.485146
72.215655
69.781369
67.181692
64.419863
61.504765
58.452988
55.290967
52.056829
48.801461
45.588169
42.490398
39.587315
36.957662
34.672886
32.790974
31.352257
30.377870
29.870780
29.818661
30.197689
30.976394
32.119032
33.588206
35.346706
36.171077
36.404257
36.849971
37.507213
38.374163
39.447837
40.723687
42.195192
43.853489
45.687093
47.681747
49.820418
52.083451
54.448873
56.892801
59.389915
61.913956
64.438186
66.935790
69.380200
71.745331
74.005749
76.136806
78.114759
79.916918
81.521865
82.909747
84.062658
84.965111
85.604529
85.971738
85.860271
84.625013
83.244866
81.719705
80.047694
78.225660
76.249544
74.114958
71.817915
69.355777
66.728479
63.940073
61.000591
57.928130
54.750976
51.509357
48.256321
45.057095
41.986451
39.123951
36.547588
34.326939
32.517247
31.155648
30.260087
29.830724
29.853022
30.301610
31.144082
32.344256
33.864656
35.668235
36.195397
36.464358
36.945728
37.638386
38.540342
39.648379
40.957643
42.461245
44.149897
46.011655
48.031790
50.192813
52.474657
54.854996
57.309669
59.813166
62.339115
64.860740
67.351248
69.784136
72.133418
74.373786
76.480733
78.430681
80.201139
81.770929
83.120493
84.232301
85.091317
85.685508
86.006309
85.662753
84.403058
82.998588
81.448904
79.751919
77.904277
75.901820
73.740173
71.415502
68.925506
66.270697
63.455994
60.492634
57.400285
54.209133
50.961534
47.712680
44.529645
41.488392
38.668696
36.147605
33.992654
32.256234
30.972256
30.155520
29.803463
29.899451
30.416675
31.321887
32.578532
34.149108
35.996759
36.225738
36.530466
37.047461
37.775480
38.712352
39.854614
41.197099
42.732536
44.451205
46.340700
48.385822
50.568631
52.868653
55.263223
57.727920
60.237053
62.764153
65.282415
67.765075
70.185706
72.518424
74.738048
76.820218
78.741526
80.479684
82.013761
83.324511
84.394789
85.210029
85.758747
86.033008
85.461104
84.177015
82.748207
81.173941
79.451886
77.578517
75.549595
73.360776
71.008408
68.490565
65.808379
62.967692
59.981006
56.869617
53.665663
50.413648
47.170879
44.006194
40.996604
38.221906
35.758010
33.670245
32.008058
30.802115
30.064122
29.788892
29.957805
30.542718
31.509629
32.821683
34.441391
36.134437
36.262099
36.602576
37.155163
37.918481
38.890173
40.066516
41.442017
43.009014
44.757350
46.674152
48.743753
50.947767
53.265326
55.673436
58.147429
60.661449
63.188940
65.703081
68.177148
70.584789
72.900231
75.098421
77.155152
79.047189
80.752454
82.250273
83.521724
84.550059
85.321196
85.824218
86.051823
85.255334
83.946884
82.493717
80.894802
79.147577
77.248360
75.192848
72.976751
70.596628
68.050967
65.341565
62.475242
59.465827
56.336304
53.120805
49.865997
46.631266
43.487122
40.511466
37.783928
35.379086
33.359913
31.772825
30.645244
29.985839
29.786901
30.027934
30.679568
31.707132
33.073530
34.741332
36.141004
36.304479
36.680685
37.268825
38.067378
39.073784
40.284053
41.692354
43.290625
45.068264
47.011931
49.105489
51.330118
53.664563
56.085515
58.568071
61.086226
63.613349
66.122614
68.587341
70.981263
73.278720
75.454793
77.485427
79.347568
81.019355
82.480381
83.712058
84.698051
85.424775
85.881893
86.062747
85.045453
83.712666
82.235110
80.611472
78.838972
76.913784
74.831558
72.588084
70.180161
67.606728
64.870299
61.978725
58.947226
55.800531
52.574806
49.318886
46.094197
42.972809
40.033355
37.355101
35.011105
33.061842
31.550628
30.501647
29.920605
29.797370
30.109684
30.827052
31.914215
33.333896
35.048762
36.153596
36.352874
36.764788
37.388438
38.222154
39.263163
40.507195
41.948068
43.577313
45.383879
47.353953
49.470937
51.715579
54.066250
56.499338
58.989721
61.511257
64.037254
66.540887
68.995531
71.375009
73.653776
75.807051
77.810936
79.642563
81.280293
82.703999
83.895439
84.838704
85.520723
85.931747
86.043533
84.831471
83.474359
81.972377
80.323936
78.526051
76.574767
74.465707
72.194763
69.759006
67.157868
64.394629
61.478230
58.425343
55.262494
52.027924
48.772634
45.560033
42.463638
39.562643
36.935754
34.654325
32.776200
31.341542
30.371318
29.868342
29.820172
30.202896
30.984995
32.130699
33.602605
35.363511
36.172211
36.407282
36.854879
37.513993
38.382794
39.458287
40.735907
42.209114
43.869022
45.704123
47.700136
49.840000
52.104043
54.470270
56.914783
59.412253
61.936414
64.460525
66.957773
69.401594
71.765905
74.025282
76.155082
78.131571
79.932071
81.535175
82.921045
84.071797
84.971964
85.609000
85.973761
85.849941
84.613392
83.231960
81.705505
80.032177
78.208794
76.231289
74.095276
71.796776
69.333167
66.704413
63.914611
60.973854
57.900323
54.722400
51.480427
48.227565
45.029141
41.959993
39.099698
36.526206
34.308988
32.503141
31.145630
30.254234
29.828965
29.855174
30.307410
31.153222
32.356405
33.879482
35.685414
36.196849
36.467700
36.950952
37.645479
38.549282
39.659130
40.970154
42.475444
44.165690
46.028924
48.050391
50.212580
52.495400
54.876507
57.331728
59.835541
62.361570
64.883036
67.373148
69.805407
72.153832
74.393121
76.498776
78.447228
80.215995
81.783912
83.131438
84.241063
85.097776
85.689570
86.007916
86.065793
84.877023
83.525050
82.028232
80.385038
78.592526
76.646766
74.543385
72.278252
69.848379
67.253088
64.495493
61.584302
58.535873
55.376350
52.143531
86.065793
84.877023
83.525050
82.028232
80.385038
78.592526
76.646766
74.543385
72.278252
69.848379
67.253088
64.495493
61.584302
58.535873
55.376350
52.143531
48.887959
45.672631
42.570769
39.661461
37.023548
34.728760
32.835507
31.384622
30.397749
29.878308
29.814333
30.182255
30.950762
32.084185
33.545145
35.296409
36.167776
36.395285
36.835346
37.486971
38.348366
39.416583
40.687122
42.153518
43.806974
45.636080
47.626651
49.761728
52.021723
54.384719
56.826878
59.322913
61.846582
64.371155
66.869815
69.315983
71.683559
73.947091
76.081907
78.064238
79.871365
81.481833
82.875739
84.035124
84.944427
85.590989
85.965539
85.891190
84.659809
83.283516
81.762236
80.094173
78.276186
76.304232
74.173924
71.881253
69.423529
66.800601
64.016389
61.080738
58.011503
54.836673
51.596141
48.342613
45.141017
42.065924
39.196844
36.611904
34.380986
32.559778
31.185922
30.277869
29.836215
29.846769
30.284395
31.116831
32.307958
33.820311
35.616814
36.191142
36.454434
36.930156
37.617205
38.513620
39.616220
40.920203
42.418736
44.102599
45.959924
47.976054
50.133573
52.412478
54.790498
57.243516
59.746052
62.271749
64.793837
67.285520
69.720283
72.072124
74.315715
76.426527
78.380956
80.156478
81.731875
83.087544
84.205894
85.071817
85.673191
86.001356
85.694328
84.438502
83.037886
81.492092
79.799071
77.955495
75.957221
73.799869
71.479580
68.993999
66.343541
63.532985
60.573373
57.484120
54.295108
51.048355
47.798712
44.612968
41.566907
38.740281
36.210302
34.044839
32.296742
31.000434
30.171210
29.806933
29.891295
30.397706
31.293044
32.540812
34.103507
35.944241
36.220529
36.519590
37.030942
37.753362
38.684707
39.821555
41.158790
42.689200
44.403136
46.288264
48.329459
50.508854
52.806039
55.198400
57.661556
60.169846
62.696814
65.215660
67.699614
70.122236
72.457626
74.680583
76.766723
78.692612
80.435928
81.975700
83.292634
84.369520
85.191719
85.747659
86.029302
85.493332
84.213106
82.788156
81.217790
79.499714
77.630430
75.605710
73.421204
71.073229
68.559797
65.881939
63.045347
60.062319
56.953889
53.751881
50.500459
47.256596
44.088858
41.074100
38.292126
35.819041
33.720534
32.046524
30.828191
30.077729
29.790359
29.947769
30.522020
31.479224
32.782569
34.394561
36.133949
36.255936
36.590750
37.137699
37.895428
38.861609
40.032561
41.402844
42.964859
44.708518
46.621023
48.686778
50.887472
53.202295
55.608306
58.080874
60.594170
63.121650
65.636494
68.111973
70.521721
72.839948
75.041580
77.102386
78.999103
80.709619
82.213220
83.490931
84.525939
85.304085
85.814363
86.049367
85.288215
83.983623
82.534318
80.939313
79.196084
77.300971
75.249681
73.037913
70.662192
68.120936
65.415835
62.553549
59.547694
56.420983
53.207227
49.952750
46.716613
43.569067
40.587883
37.852729
35.438408
33.408276
31.809233
30.669217
29.997372
29.786383
30.016042
30.657169
31.675192
33.033049
34.693300
36.139562
36.297362
36.667908
37.250417
38.043391
39.044303
40.249208
41.652325
43.245660
45.018681
46.958121
49.047918
51.269320
53.601133
56.020097
58.501345
61.018895
63.546128
66.056216
68.522472
70.918617
73.218971
75.398594
77.433406
79.300327
80.977457
82.444349
83.682359
84.675088
85.408870
85.873274
86.061542
85.078985
83.750053
82.276364
80.656649
78.888161
76.967097
74.889112
72.649983
70.246468
67.677431
64.945271
62.057671
59.029627
55.885587
52.661392
49.405533
46.179117
43.053974
40.108633
37.422430
35.068675
33.108250
31.584965
30.523517
29.930075
29.794885
30.095961
30.802979
31.880769
33.292077
34.999554
36.151199
36.344804
36.751062
37.369088
38.197236
39.232770
40.471463
41.907190
43.531548
45.333556
47.299477
49.412785
51.654296
54.002439
56.433652
58.922844
61.443894
63.970120
66.474696
68.930987
71.312802
73.594578
75.751510
77.759677
79.596181
81.239346
82.669001
83.866847
84.816908
85.506029
85.924370
86.065822
84.865652
83.512394
82.014285
80.369780
78.575925
76.628785
74.523985
72.257400
69.826055
67.229302
64.470295
61.557801
58.508254
55.347895
52.114632
48.859123
45.644468
42.543963
39.636724
37.001559
34.710103
32.820628
31.373797
30.391086
29.875762
29.815742
30.187368
30.959277
32.095775
33.559476
35.313155
36.168860
36.398259
36.840204
37.493702
38.356949
39.426985
40.699295
42.167394
43.822465
45.653072
47.645005
49.781281
52.042291
54.406098
56.848848
59.345245
61.869040
64.393501
66.891811
69.337395
71.704158
73.966654
76.100219
78.081092
79.886565
81.495194
82.887094
84.044322
84.951342
85.595524
85.967627
85.880895
84.648221
83.270644
81.748070
80.078692
78.259356
76.286015
74.154281
71.860153
69.400958
66.776573
63.990962
61.054033
57.983721
54.808112
51.567214
48.313845
45.113033
42.039417
39.172524
36.590437
34.362938
32.545566
31.175794
30.271905
29.834349
29.848819
30.290102
31.125886
32.320032
33.835070
35.633935
36.192544
36.457725
36.935330
37.624249
38.522511
39.626924
40.932668
42.432891
44.118352
45.977155
47.994621
50.153310
52.433196
54.811991
57.265563
59.768421
62.294205
64.816141
67.307434
69.741574
72.092564
74.335082
76.444608
78.397545
80.171381
81.744910
83.098546
84.214716
85.078338
85.677318
86.003029
85.683814
84.426699
83.024798
81.477708
79.783365
77.938435
75.938766
73.779983
71.458234
68.971181
66.319272
63.507333
60.546470
57.456183
54.266454
51.019415
47.770029
44.585182
41.540718
38.716396
